ISO-10303-21;
HEADER;
FILE_DESCRIPTION( ( '' ), ' ' );
FILE_NAME( '/vol/tmp/translate-612123178646795675/5ae2e31f8940c00fc986c3a1.step', '2018-04-27T08:45:20', ( '' ), ( '' ), ' ', ' ', ' ' );
FILE_SCHEMA( ( 'AUTOMOTIVE_DESIGN { 1 0 10303 214 1 1 1 1 }' ) );
ENDSEC;
DATA;
#1 = MECHANICAL_DESIGN_GEOMETRIC_PRESENTATION_REPRESENTATION( ' ', ( #10, #11, #12, #13, #14, #15, #16, #17, #18, #19, #20, #21 ), #6 );
#2 = PRODUCT_DEFINITION_CONTEXT( '', #22, 'design' );
#3 = APPLICATION_PROTOCOL_DEFINITION( 'international standard', 'automotive_design', 2001, #22 );
#4 = PRODUCT_CATEGORY_RELATIONSHIP( 'NONE', 'NONE', #23, #24 );
#5 = SHAPE_DEFINITION_REPRESENTATION( #25, #26 );
#6 =  ( GEOMETRIC_REPRESENTATION_CONTEXT( 3 )GLOBAL_UNCERTAINTY_ASSIGNED_CONTEXT( ( #29 ) )GLOBAL_UNIT_ASSIGNED_CONTEXT( ( #31, #32, #33 ) )REPRESENTATION_CONTEXT( 'NONE', 'WORKSPACE' ) );
#10 = STYLED_ITEM( '', ( #35 ), #36 );
#11 = STYLED_ITEM( '', ( #37 ), #38 );
#12 = STYLED_ITEM( '', ( #39 ), #40 );
#13 = STYLED_ITEM( '', ( #41 ), #42 );
#14 = STYLED_ITEM( '', ( #43 ), #44 );
#15 = STYLED_ITEM( '', ( #45 ), #46 );
#16 = STYLED_ITEM( '', ( #47 ), #48 );
#17 = STYLED_ITEM( '', ( #49 ), #50 );
#18 = STYLED_ITEM( '', ( #51 ), #52 );
#19 = STYLED_ITEM( '', ( #53 ), #54 );
#20 = STYLED_ITEM( '', ( #55 ), #56 );
#21 = STYLED_ITEM( '', ( #57 ), #58 );
#22 = APPLICATION_CONTEXT( 'core data for automotive mechanical design processes' );
#23 = PRODUCT_CATEGORY( 'part', 'NONE' );
#24 = PRODUCT_RELATED_PRODUCT_CATEGORY( 'detail', ' ', ( #59 ) );
#25 = PRODUCT_DEFINITION_SHAPE( 'NONE', 'NONE', #60 );
#26 = ADVANCED_BREP_SHAPE_REPRESENTATION( 'Document', ( #61, #62 ), #6 );
#29 = UNCERTAINTY_MEASURE_WITH_UNIT( LENGTH_MEASURE( 1.00000000000000E-17 ), #31, '', '' );
#31 =  ( CONVERSION_BASED_UNIT( 'METRE', #65 )LENGTH_UNIT(  )NAMED_UNIT( #68 ) );
#32 =  ( NAMED_UNIT( #70 )PLANE_ANGLE_UNIT(  )SI_UNIT( $, .RADIAN. ) );
#33 =  ( NAMED_UNIT( #70 )SI_UNIT( $, .STERADIAN. )SOLID_ANGLE_UNIT(  ) );
#35 = PRESENTATION_STYLE_ASSIGNMENT( ( #76 ) );
#36 = ADVANCED_FACE( '', ( #77 ), #78, .T. );
#37 = PRESENTATION_STYLE_ASSIGNMENT( ( #79 ) );
#38 = ADVANCED_FACE( '', ( #80, #81 ), #82, .F. );
#39 = PRESENTATION_STYLE_ASSIGNMENT( ( #83 ) );
#40 = ADVANCED_FACE( '', ( #84, #85 ), #86, .T. );
#41 = PRESENTATION_STYLE_ASSIGNMENT( ( #87 ) );
#42 = ADVANCED_FACE( '', ( #88 ), #89, .T. );
#43 = PRESENTATION_STYLE_ASSIGNMENT( ( #90 ) );
#44 = ADVANCED_FACE( '', ( #91 ), #92, .T. );
#45 = PRESENTATION_STYLE_ASSIGNMENT( ( #93 ) );
#46 = ADVANCED_FACE( '', ( #94 ), #95, .F. );
#47 = PRESENTATION_STYLE_ASSIGNMENT( ( #96 ) );
#48 = ADVANCED_FACE( '', ( #97 ), #98, .F. );
#49 = PRESENTATION_STYLE_ASSIGNMENT( ( #99 ) );
#50 = ADVANCED_FACE( '', ( #100, #101 ), #102, .F. );
#51 = PRESENTATION_STYLE_ASSIGNMENT( ( #103 ) );
#52 = ADVANCED_FACE( '', ( #104 ), #105, .F. );
#53 = PRESENTATION_STYLE_ASSIGNMENT( ( #106 ) );
#54 = ADVANCED_FACE( '', ( #107 ), #108, .F. );
#55 = PRESENTATION_STYLE_ASSIGNMENT( ( #109 ) );
#56 = ADVANCED_FACE( '', ( #110 ), #111, .T. );
#57 = PRESENTATION_STYLE_ASSIGNMENT( ( #112 ) );
#58 = ADVANCED_FACE( '', ( #113, #114 ), #115, .F. );
#59 = PRODUCT( 'Document', 'Document', 'PART-Document-DESC', ( #116 ) );
#60 = PRODUCT_DEFINITION( 'NONE', 'NONE', #117, #2 );
#61 = MANIFOLD_SOLID_BREP( 'Document', #118 );
#62 = AXIS2_PLACEMENT_3D( '', #119, #120, #121 );
#65 = LENGTH_MEASURE_WITH_UNIT( LENGTH_MEASURE( 1.00000000000000 ), #122 );
#68 = DIMENSIONAL_EXPONENTS( 1.00000000000000, 0.00000000000000, 0.00000000000000, 0.00000000000000, 0.00000000000000, 0.00000000000000, 0.00000000000000 );
#70 = DIMENSIONAL_EXPONENTS( 0.00000000000000, 0.00000000000000, 0.00000000000000, 0.00000000000000, 0.00000000000000, 0.00000000000000, 0.00000000000000 );
#76 = SURFACE_STYLE_USAGE( .BOTH., #123 );
#77 = FACE_OUTER_BOUND( '', #124, .T. );
#78 = B_SPLINE_SURFACE_WITH_KNOTS( '', 1, 3, ( ( #125, #126, #127, #128 ), ( #129, #130, #131, #132 ) ), .UNSPECIFIED., .F., .F., .F., ( 2, 2 ), ( 4, 4 ), ( 0.00000000000000, 0.0600000000000000 ), ( -1.44632396871406, 0.00000000000000 ), .UNSPECIFIED. );
#79 = SURFACE_STYLE_USAGE( .BOTH., #133 );
#80 = FACE_BOUND( '', #134, .T. );
#81 = FACE_OUTER_BOUND( '', #135, .T. );
#82 = PLANE( '', #136 );
#83 = SURFACE_STYLE_USAGE( .BOTH., #137 );
#84 = FACE_OUTER_BOUND( '', #138, .T. );
#85 = FACE_BOUND( '', #139, .T. );
#86 = PLANE( '', #140 );
#87 = SURFACE_STYLE_USAGE( .BOTH., #141 );
#88 = FACE_OUTER_BOUND( '', #142, .T. );
#89 = B_SPLINE_SURFACE_WITH_KNOTS( '', 3, 3, ( ( #143, #144, #145, #146, #147, #148, #149, #150, #151, #152, #153, #154, #155 ), ( #156, #157, #158, #159, #160, #161, #162, #163, #164, #165, #166, #167, #168 ), ( #169, #170, #171, #172, #173, #174, #175, #176, #177, #178, #179, #180, #181 ), ( #182, #183, #184, #185, #186, #187, #188, #189, #190, #191, #192, #193, #194 ), ( #195, #196, #197, #198, #199, #200, #201, #202, #203, #204, #205, #206, #207 ), ( #208, #209, #210, #211, #212, #213, #214, #215, #216, #217, #218, #219, #220 ), ( #221, #222, #223, #224, #225, #226, #227, #228, #229, #230, #231, #232, #233 ), ( #234, #235, #236, #237, #238, #239, #240, #241, #242, #243, #244, #245, #246 ), ( #247, #248, #249, #250, #251, #252, #253, #254, #255, #256, #257, #258, #259 ), ( #260, #261, #262, #263, #264, #265, #266, #267, #268, #269, #270, #271, #272 ), ( #273, #274, #275, #276, #277, #278, #279, #280, #281, #282, #283, #284, #285 ), ( #286, #287, #288, #289, #290, #291, #292, #293, #294, #295, #296, #297, #298 ), ( #299, #300, #301, #302, #303, #304, #305, #306, #307, #308, #309, #310, #311 ) ), .UNSPECIFIED., .F., .F., .F., ( 4, 1, 1, 1, 1, 1, 1, 1, 1, 1, 4 ), ( 4, 1, 1, 1, 1, 1, 1, 1, 1, 1, 4 ), ( -1.19900969919816, -0.960197685394232, -0.721385671590302, -0.482573657786372, -0.243761643982441, -0.00494963017851119, 0.233862383625419, 0.472674397429349, 0.711486411233279, 0.950298425037210, 1.18911043884114 ), ( -1.19900886081074, -0.960197124476323, -0.721385388141907, -0.482573651807491, -0.243761915473076, -0.00495017913866008, 0.233861557195756, 0.472673293530171, 0.711485029864587, 0.950296766199002, 1.18910850253342 ), .UNSPECIFIED. );
#90 = SURFACE_STYLE_USAGE( .BOTH., #312 );
#91 = FACE_OUTER_BOUND( '', #313, .T. );
#92 = B_SPLINE_SURFACE_WITH_KNOTS( '', 1, 3, ( ( #314, #315, #316, #317, #318, #319, #320, #321, #322, #323, #324, #325, #326, #327, #328, #329 ), ( #330, #331, #332, #333, #334, #335, #336, #337, #338, #339, #340, #341, #342, #343, #344, #345 ) ), .UNSPECIFIED., .F., .F., .F., ( 2, 2 ), ( 4, 3, 3, 3, 3, 4 ), ( 0.00000000000000, 0.0600000000000000 ), ( -1.03102251024602, -0.779248956318186, -0.536972442810425, -0.295387618257471, -0.0424367701555099, 0.00000000000000 ), .UNSPECIFIED. );
#93 = SURFACE_STYLE_USAGE( .BOTH., #346 );
#94 = FACE_OUTER_BOUND( '', #347, .T. );
#95 = B_SPLINE_SURFACE_WITH_KNOTS( '', 1, 3, ( ( #348, #349, #350, #351, #352, #353, #354, #355, #356, #357, #358, #359, #360, #361, #362, #363 ), ( #364, #365, #366, #367, #368, #369, #370, #371, #372, #373, #374, #375, #376, #377, #378, #379 ) ), .UNSPECIFIED., .F., .F., .F., ( 2, 2 ), ( 4, 3, 3, 3, 3, 4 ), ( 0.00000000000000, 0.0600000000000000 ), ( -1.03102251024602, -0.779248956318186, -0.536972442810425, -0.295387618257471, -0.0424367701555099, 0.00000000000000 ), .UNSPECIFIED. );
#96 = SURFACE_STYLE_USAGE( .BOTH., #380 );
#97 = FACE_OUTER_BOUND( '', #381, .T. );
#98 = B_SPLINE_SURFACE_WITH_KNOTS( '', 3, 3, ( ( #382, #383, #384, #385, #386, #387, #388, #389, #390, #391, #392, #393, #394 ), ( #395, #396, #397, #398, #399, #400, #401, #402, #403, #404, #405, #406, #407 ), ( #408, #409, #410, #411, #412, #413, #414, #415, #416, #417, #418, #419, #420 ), ( #421, #422, #423, #424, #425, #426, #427, #428, #429, #430, #431, #432, #433 ), ( #434, #435, #436, #437, #438, #439, #440, #441, #442, #443, #444, #445, #446 ), ( #447, #448, #449, #450, #451, #452, #453, #454, #455, #456, #457, #458, #459 ), ( #460, #461, #462, #463, #464, #465, #466, #467, #468, #469, #470, #471, #472 ), ( #473, #474, #475, #476, #477, #478, #479, #480, #481, #482, #483, #484, #485 ), ( #486, #487, #488, #489, #490, #491, #492, #493, #494, #495, #496, #497, #498 ), ( #499, #500, #501, #502, #503, #504, #505, #506, #507, #508, #509, #510, #511 ), ( #512, #513, #514, #515, #516, #517, #518, #519, #520, #521, #522, #523, #524 ), ( #525, #526, #527, #528, #529, #530, #531, #532, #533, #534, #535, #536, #537 ), ( #538, #539, #540, #541, #542, #543, #544, #545, #546, #547, #548, #549, #550 ) ), .UNSPECIFIED., .F., .F., .F., ( 4, 1, 1, 1, 1, 1, 1, 1, 1, 1, 4 ), ( 4, 1, 1, 1, 1, 1, 1, 1, 1, 1, 4 ), ( -1.19900886081074, -0.960197124476323, -0.721385388141907, -0.482573651807491, -0.243761915473076, -0.00495017913866008, 0.233861557195756, 0.472673293530171, 0.711485029864587, 0.950296766199002, 1.18910850253342 ), ( -1.19900969919816, -0.960197685394232, -0.721385671590302, -0.482573657786372, -0.243761643982441, -0.00494963017851119, 0.233862383625419, 0.472674397429349, 0.711486411233279, 0.950298425037210, 1.18911043884114 ), .UNSPECIFIED. );
#99 = SURFACE_STYLE_USAGE( .BOTH., #551 );
#100 = FACE_BOUND( '', #552, .T. );
#101 = FACE_OUTER_BOUND( '', #553, .T. );
#102 = PLANE( '', #554 );
#103 = SURFACE_STYLE_USAGE( .BOTH., #555 );
#104 = FACE_OUTER_BOUND( '', #556, .T. );
#105 = B_SPLINE_SURFACE_WITH_KNOTS( '', 1, 3, ( ( #557, #558, #559, #560 ), ( #561, #562, #563, #564 ) ), .UNSPECIFIED., .F., .F., .F., ( 2, 2 ), ( 4, 4 ), ( 0.00000000000000, 0.0600000000000000 ), ( -1.44632396871406, 0.00000000000000 ), .UNSPECIFIED. );
#106 = SURFACE_STYLE_USAGE( .BOTH., #565 );
#107 = FACE_OUTER_BOUND( '', #566, .T. );
#108 = B_SPLINE_SURFACE_WITH_KNOTS( '', 3, 3, ( ( #567, #568, #569, #570, #571, #572, #573, #574, #575, #576, #577, #578, #579 ), ( #580, #581, #582, #583, #584, #585, #586, #587, #588, #589, #590, #591, #592 ), ( #593, #594, #595, #596, #597, #598, #599, #600, #601, #602, #603, #604, #605 ), ( #606, #607, #608, #609, #610, #611, #612, #613, #614, #615, #616, #617, #618 ), ( #619, #620, #621, #622, #623, #624, #625, #626, #627, #628, #629, #630, #631 ), ( #632, #633, #634, #635, #636, #637, #638, #639, #640, #641, #642, #643, #644 ), ( #645, #646, #647, #648, #649, #650, #651, #652, #653, #654, #655, #656, #657 ), ( #658, #659, #660, #661, #662, #663, #664, #665, #666, #667, #668, #669, #670 ), ( #671, #672, #673, #674, #675, #676, #677, #678, #679, #680, #681, #682, #683 ), ( #684, #685, #686, #687, #688, #689, #690, #691, #692, #693, #694, #695, #696 ), ( #697, #698, #699, #700, #701, #702, #703, #704, #705, #706, #707, #708, #709 ), ( #710, #711, #712, #713, #714, #715, #716, #717, #718, #719, #720, #721, #722 ), ( #723, #724, #725, #726, #727, #728, #729, #730, #731, #732, #733, #734, #735 ) ), .UNSPECIFIED., .F., .F., .F., ( 4, 1, 1, 1, 1, 1, 1, 1, 1, 1, 4 ), ( 4, 1, 1, 1, 1, 1, 1, 1, 1, 1, 4 ), ( -1.19900969919816, -0.960197685394232, -0.721385671590302, -0.482573657786372, -0.243761643982441, -0.00494963017851119, 0.233862383625419, 0.472674397429349, 0.711486411233279, 0.950298425037210, 1.18911043884114 ), ( -1.19900886081074, -0.960197124476323, -0.721385388141907, -0.482573651807491, -0.243761915473076, -0.00495017913866008, 0.233861557195756, 0.472673293530171, 0.711485029864587, 0.950296766199002, 1.18910850253342 ), .UNSPECIFIED. );
#109 = SURFACE_STYLE_USAGE( .BOTH., #736 );
#110 = FACE_OUTER_BOUND( '', #737, .T. );
#111 = B_SPLINE_SURFACE_WITH_KNOTS( '', 3, 3, ( ( #738, #739, #740, #741, #742, #743, #744, #745, #746, #747, #748, #749, #750 ), ( #751, #752, #753, #754, #755, #756, #757, #758, #759, #760, #761, #762, #763 ), ( #764, #765, #766, #767, #768, #769, #770, #771, #772, #773, #774, #775, #776 ), ( #777, #778, #779, #780, #781, #782, #783, #784, #785, #786, #787, #788, #789 ), ( #790, #791, #792, #793, #794, #795, #796, #797, #798, #799, #800, #801, #802 ), ( #803, #804, #805, #806, #807, #808, #809, #810, #811, #812, #813, #814, #815 ), ( #816, #817, #818, #819, #820, #821, #822, #823, #824, #825, #826, #827, #828 ), ( #829, #830, #831, #832, #833, #834, #835, #836, #837, #838, #839, #840, #841 ), ( #842, #843, #844, #845, #846, #847, #848, #849, #850, #851, #852, #853, #854 ), ( #855, #856, #857, #858, #859, #860, #861, #862, #863, #864, #865, #866, #867 ), ( #868, #869, #870, #871, #872, #873, #874, #875, #876, #877, #878, #879, #880 ), ( #881, #882, #883, #884, #885, #886, #887, #888, #889, #890, #891, #892, #893 ), ( #894, #895, #896, #897, #898, #899, #900, #901, #902, #903, #904, #905, #906 ) ), .UNSPECIFIED., .F., .F., .F., ( 4, 1, 1, 1, 1, 1, 1, 1, 1, 1, 4 ), ( 4, 1, 1, 1, 1, 1, 1, 1, 1, 1, 4 ), ( -1.19900886081074, -0.960197124476323, -0.721385388141907, -0.482573651807491, -0.243761915473076, -0.00495017913866008, 0.233861557195756, 0.472673293530171, 0.711485029864587, 0.950296766199002, 1.18910850253342 ), ( -1.19900969919816, -0.960197685394232, -0.721385671590302, -0.482573657786372, -0.243761643982441, -0.00494963017851119, 0.233862383625419, 0.472674397429349, 0.711486411233279, 0.950298425037210, 1.18911043884114 ), .UNSPECIFIED. );
#112 = SURFACE_STYLE_USAGE( .BOTH., #907 );
#113 = FACE_BOUND( '', #908, .T. );
#114 = FACE_OUTER_BOUND( '', #909, .T. );
#115 = PLANE( '', #910 );
#116 = PRODUCT_CONTEXT( '', #22, 'mechanical' );
#117 = PRODUCT_DEFINITION_FORMATION_WITH_SPECIFIED_SOURCE( ' ', 'NONE', #59, .NOT_KNOWN. );
#118 = CLOSED_SHELL( '', ( #54, #44, #42, #46, #48, #58, #38, #52, #50, #40, #56, #36 ) );
#119 = CARTESIAN_POINT( '', ( 0.00000000000000, 0.00000000000000, 0.00000000000000 ) );
#120 = DIRECTION( '', ( 0.00000000000000, 0.00000000000000, 1.00000000000000 ) );
#121 = DIRECTION( '', ( 1.00000000000000, 0.00000000000000, 0.00000000000000 ) );
#122 =  ( LENGTH_UNIT(  )NAMED_UNIT( #68 )SI_UNIT( $, .METRE. ) );
#123 = SURFACE_SIDE_STYLE( '', ( #912 ) );
#124 = EDGE_LOOP( '', ( #913, #914, #915, #916 ) );
#125 = CARTESIAN_POINT( '', ( -0.0100000000000000, 1.66972031471994E-19, -0.000618011962874366 ) );
#126 = CARTESIAN_POINT( '', ( -0.00705120792379984, 0.00294879207620014, 0.00103677915051767 ) );
#127 = CARTESIAN_POINT( '', ( -0.00294883129784001, 0.00705116870215997, 0.00104731417421177 ) );
#128 = CARTESIAN_POINT( '', ( -6.92064348718023E-19, 0.0100000000000000, -0.000628134283143550 ) );
#129 = CARTESIAN_POINT( '', ( -0.0100000000000000, 1.66972031471994E-19, -1.80119628743657E-05 ) );
#130 = CARTESIAN_POINT( '', ( -0.00705120792379984, 0.00294879207620014, 0.00163677915051767 ) );
#131 = CARTESIAN_POINT( '', ( -0.00294883129784001, 0.00705116870215997, 0.00164731417421177 ) );
#132 = CARTESIAN_POINT( '', ( -6.92064348718023E-19, 0.0100000000000000, -2.81342831435499E-05 ) );
#133 = SURFACE_SIDE_STYLE( '', ( #917 ) );
#134 = EDGE_LOOP( '', ( #918, #919 ) );
#135 = EDGE_LOOP( '', ( #920, #921 ) );
#136 = AXIS2_PLACEMENT_3D( '', #922, #923, #924 );
#137 = SURFACE_SIDE_STYLE( '', ( #925 ) );
#138 = EDGE_LOOP( '', ( #926, #927 ) );
#139 = EDGE_LOOP( '', ( #928, #929 ) );
#140 = AXIS2_PLACEMENT_3D( '', #930, #931, #932 );
#141 = SURFACE_SIDE_STYLE( '', ( #933 ) );
#142 = EDGE_LOOP( '', ( #934, #935, #936, #937, #938, #939, #940, #941, #942, #943, #944, #945 ) );
#143 = CARTESIAN_POINT( '', ( -0.0133512766076053, -0.0133501260089857, -0.00333146619495910 ) );
#144 = CARTESIAN_POINT( '', ( -0.0114120063865232, -0.0130422531819869, -0.00240038259521468 ) );
#145 = CARTESIAN_POINT( '', ( -0.00939118254414530, -0.0128159408297580, -0.00144721821742709 ) );
#146 = CARTESIAN_POINT( '', ( -0.00719621545067642, -0.0127189315246332, -0.000723658299187454 ) );
#147 = CARTESIAN_POINT( '', ( -0.00485891945164919, -0.0126961783277875, -0.000740475477406876 ) );
#148 = CARTESIAN_POINT( '', ( -0.00246926206833354, -0.0127296240321349, -0.00199768399510960 ) );
#149 = CARTESIAN_POINT( '', ( -6.70768913967347E-05, -0.0128613095587953, -0.00388429052191433 ) );
#150 = CARTESIAN_POINT( '', ( 0.00233566280371300, -0.0131566621136920, -0.00563687702326907 ) );
#151 = CARTESIAN_POINT( '', ( 0.00475130201227022, -0.0135513363745817, -0.00705685740712397 ) );
#152 = CARTESIAN_POINT( '', ( 0.00719462888126682, -0.0139338138356337, -0.00816200136150660 ) );
#153 = CARTESIAN_POINT( '', ( 0.00967505412261460, -0.0142603677231617, -0.00901949289516649 ) );
#154 = CARTESIAN_POINT( '', ( 0.0121896314890184, -0.0145424087081414, -0.00978109293240762 ) );
#155 = CARTESIAN_POINT( '', ( 0.0147226932355347, -0.0148059662138111, -0.0105380458709055 ) );
#156 = CARTESIAN_POINT( '', ( -0.0130430157479832, -0.0114113688793993, -0.00237519437268019 ) );
#157 = CARTESIAN_POINT( '', ( -0.0112887645551984, -0.0112882273365122, -0.00176149993999767 ) );
#158 = CARTESIAN_POINT( '', ( -0.00955876982736844, -0.0111745215029030, -0.000935911867062761 ) );
#159 = CARTESIAN_POINT( '', ( -0.00723323060584310, -0.0111931526354247, 1.40045353726327E-05 ) );
#160 = CARTESIAN_POINT( '', ( -0.00481932528880119, -0.0111929356129230, 0.000595647030049364 ) );
#161 = CARTESIAN_POINT( '', ( -0.00244063598089283, -0.0111925312015158, -0.000419023314909062 ) );
#162 = CARTESIAN_POINT( '', ( -4.67731432461681E-05, -0.0111748243986422, -0.00208655176005270 ) );
#163 = CARTESIAN_POINT( '', ( 0.00233822706557801, -0.0113490296466195, -0.00358815940686875 ) );
#164 = CARTESIAN_POINT( '', ( 0.00473761964992196, -0.0115763624050687, -0.00484501370274079 ) );
#165 = CARTESIAN_POINT( '', ( 0.00714789096458150, -0.0117545745330859, -0.00591220148668629 ) );
#166 = CARTESIAN_POINT( '', ( 0.00957140536273532, -0.0119236486464508, -0.00704787214406550 ) );
#167 = CARTESIAN_POINT( '', ( 0.0120108189668317, -0.0120975512237439, -0.00835481554434141 ) );
#168 = CARTESIAN_POINT( '', ( 0.0144579157590356, -0.0122741331271967, -0.00974872135934612 ) );
#169 = CARTESIAN_POINT( '', ( -0.0128162747279368, -0.00939101800919023, -0.00144106667086314 ) );
#170 = CARTESIAN_POINT( '', ( -0.0111745971686153, -0.00955862731377353, -0.000855564430955257 ) );
#171 = CARTESIAN_POINT( '', ( -0.00960940773464994, -0.00960944454201776, -0.000128760460742725 ) );
#172 = CARTESIAN_POINT( '', ( -0.00721229226700263, -0.00960305821631465, 0.000783501859177374 ) );
#173 = CARTESIAN_POINT( '', ( -0.00482715072282309, -0.00960158337394756, 0.000787911097772058 ) );
#174 = CARTESIAN_POINT( '', ( -0.00243919463685330, -0.00960596380693483, 0.000997072001552006 ) );
#175 = CARTESIAN_POINT( '', ( -4.96731981539334E-05, -0.00960028520260753, 0.000360334675949602 ) );
#176 = CARTESIAN_POINT( '', ( 0.00233834495321560, -0.00958598158731215, -0.00130900771422069 ) );
#177 = CARTESIAN_POINT( '', ( 0.00472931472265437, -0.00953359670341202, -0.00258375567763550 ) );
#178 = CARTESIAN_POINT( '', ( 0.00711351000710316, -0.00952019778587614, -0.00357782469631165 ) );
#179 = CARTESIAN_POINT( '', ( 0.00948047810050457, -0.00957231081747745, -0.00513676791959293 ) );
#180 = CARTESIAN_POINT( '', ( 0.0118348230798140, -0.00966023968327471, -0.00701513545520755 ) );
#181 = CARTESIAN_POINT( '', ( 0.0141746539024241, -0.00976078351989240, -0.00896404394652991 ) );
#182 = CARTESIAN_POINT( '', ( -0.0127189697917939, -0.00719626324399925, -0.000774517025570449 ) );
#183 = CARTESIAN_POINT( '', ( -0.0111930776902697, -0.00723323889931600, -4.77498535283462E-05 ) );
#184 = CARTESIAN_POINT( '', ( -0.00960307335288255, -0.00721233137111988, 0.000826345291464141 ) );
#185 = CARTESIAN_POINT( '', ( -0.00721536880072390, -0.00721538435948444, 0.00117649813683202 ) );
#186 = CARTESIAN_POINT( '', ( -0.00482740646138109, -0.00721595345387114, 0.00112843527707832 ) );
#187 = CARTESIAN_POINT( '', ( -0.00243858153321942, -0.00721436606512231, 0.00108544263456218 ) );
#188 = CARTESIAN_POINT( '', ( -5.13415637251166E-05, -0.00721615788123815, 0.00131464219138138 ) );
#189 = CARTESIAN_POINT( '', ( 0.00233771157333928, -0.00722142147584974, 0.00101467575558591 ) );
#190 = CARTESIAN_POINT( '', ( 0.00472620016779311, -0.00721495672131166, -3.23507470578561E-05 ) );
#191 = CARTESIAN_POINT( '', ( 0.00710355119876824, -0.00720156228654150, -0.00122965359072549 ) );
#192 = CARTESIAN_POINT( '', ( 0.00942586597385405, -0.00720785110032816, -0.00353379694600810 ) );
#193 = CARTESIAN_POINT( '', ( 0.0116639276334064, -0.00723855021905327, -0.00585130205049928 ) );
#194 = CARTESIAN_POINT( '', ( 0.0138467400974801, -0.00728172154504824, -0.00810169831647125 ) );
#195 = CARTESIAN_POINT( '', ( -0.0126961357692555, -0.00485897930616804, -0.000779547305113692 ) );
#196 = CARTESIAN_POINT( '', ( -0.0111929243748921, -0.00481930109428016, 0.000572018733648286 ) );
#197 = CARTESIAN_POINT( '', ( -0.00960156292317576, -0.00482716246658904, 0.000793993103494465 ) );
#198 = CARTESIAN_POINT( '', ( -0.00721593038571115, -0.00482742074614923, 0.00112371396786361 ) );
#199 = CARTESIAN_POINT( '', ( -0.00482631335035825, -0.00482632627939952, 0.000945937938736384 ) );
#200 = CARTESIAN_POINT( '', ( -0.00243937701911257, -0.00482766851980436, 0.00102363880216273 ) );
#201 = CARTESIAN_POINT( '', ( -5.02303246016755E-05, -0.00482643249965723, 0.000924867222718606 ) );
#202 = CARTESIAN_POINT( '', ( 0.00233662532567846, -0.00482439460326004, 0.00120838079333290 ) );
#203 = CARTESIAN_POINT( '', ( 0.00472640840191583, -0.00482788921748081, 0.000979592932030880 ) );
#204 = CARTESIAN_POINT( '', ( 0.00711505256179646, -0.00482610315384171, -1.78701562296217E-05 ) );
#205 = CARTESIAN_POINT( '', ( 0.00943765774027638, -0.00482527110752362, -0.00249000941192457 ) );
#206 = CARTESIAN_POINT( '', ( 0.0114840112337443, -0.00482997307084399, -0.00477422231479192 ) );
#207 = CARTESIAN_POINT( '', ( 0.0134625209326829, -0.00484013638499404, -0.00700882819747679 ) );
#208 = CARTESIAN_POINT( '', ( -0.0127295959952533, -0.00246928143402500, -0.00200860856198694 ) );
#209 = CARTESIAN_POINT( '', ( -0.0111925130706352, -0.00244063587062772, -0.000412115179347795 ) );
#210 = CARTESIAN_POINT( '', ( -0.00960594465561874, -0.00243920569285653, 0.000995397107043597 ) );
#211 = CARTESIAN_POINT( '', ( -0.00721435408860677, -0.00243859552802096, 0.00109140886466331 ) );
#212 = CARTESIAN_POINT( '', ( -0.00482764796760297, -0.00243938862420891, 0.00102173595106895 ) );
#213 = CARTESIAN_POINT( '', ( -0.00243780319883457, -0.00243780925545224, 0.000456402292997209 ) );
#214 = CARTESIAN_POINT( '', ( -5.14080065805626E-05, -0.00243893632735949, 0.000766217456912470 ) );
#215 = CARTESIAN_POINT( '', ( 0.00233878783279152, -0.00244028713662817, 0.000993962719324906 ) );
#216 = CARTESIAN_POINT( '', ( 0.00472256100866631, -0.00243845827053293, 0.00120482897130165 ) );
#217 = CARTESIAN_POINT( '', ( 0.00711987305286163, -0.00243925608246055, 0.00102442693904435 ) );
#218 = CARTESIAN_POINT( '', ( 0.00948803210212750, -0.00243629065695186, -0.00122553971593727 ) );
#219 = CARTESIAN_POINT( '', ( 0.0112547072115417, -0.00243253258801259, -0.00354722380641367 ) );
#220 = CARTESIAN_POINT( '', ( 0.0130655921919903, -0.00242674501478978, -0.00559968615637239 ) );
#221 = CARTESIAN_POINT( '', ( -0.0128613295356931, -6.70482977896191E-05, -0.00388201430334512 ) );
#222 = CARTESIAN_POINT( '', ( -0.0111748465346731, -4.67410264332126E-05, -0.00208798320325940 ) );
#223 = CARTESIAN_POINT( '', ( -0.00960026008554175, -4.96688766608754E-05, 0.000358841455540034 ) );
#224 = CARTESIAN_POINT( '', ( -0.00721613563789121, -5.13520943601440E-05, 0.00131244269175759 ) );
#225 = CARTESIAN_POINT( '', ( -0.00482641563934140, -5.02388467265240E-05, 0.000925453850072458 ) );
#226 = CARTESIAN_POINT( '', ( -0.00243892418597689, -5.14169795800657E-05, 0.000766440114246205 ) );
#227 = CARTESIAN_POINT( '', ( -4.97870896701846E-05, -4.97856751240239E-05, -0.000230919691317068 ) );
#228 = CARTESIAN_POINT( '', ( 0.00233781372280153, -4.97136970133361E-05, 0.000746534344423433 ) );
#229 = CARTESIAN_POINT( '', ( 0.00472503304637478, -5.11637105188354E-05, 0.000931571016420086 ) );
#230 = CARTESIAN_POINT( '', ( 0.00711416934276777, -5.06487757940833E-05, 0.00130386315577320 ) );
#231 = CARTESIAN_POINT( '', ( 0.00949971056286028, -5.08844588554690E-05, 0.000414839440101036 ) );
#232 = CARTESIAN_POINT( '', ( 0.0110781802598129, -4.99309051912405E-05, -0.00204722048257913 ) );
#233 = CARTESIAN_POINT( '', ( 0.0127673934538897, -2.68030586657514E-05, -0.00383813178016642 ) );
#234 = CARTESIAN_POINT( '', ( -0.0131567160060222, 0.00233572367207489, -0.00562951396618790 ) );
#235 = CARTESIAN_POINT( '', ( -0.0113490648076483, 0.00233826345295686, -0.00358256495650358 ) );
#236 = CARTESIAN_POINT( '', ( -0.00958598949266113, 0.00233836198057380, -0.00130568168653820 ) );
#237 = CARTESIAN_POINT( '', ( -0.00722139784958732, 0.00233770629500321, 0.00101601436226184 ) );
#238 = CARTESIAN_POINT( '', ( -0.00482437309778766, 0.00233661658238276, 0.00120806887083006 ) );
#239 = CARTESIAN_POINT( '', ( -0.00244027061688789, 0.00233878055395666, 0.000993801998129803 ) );
#240 = CARTESIAN_POINT( '', ( -4.97029141362183E-05, 0.00233780718113403, 0.000746550644743448 ) );
#241 = CARTESIAN_POINT( '', ( 0.00233717413011742, 0.00233716954511250, 0.000435219067862905 ) );
#242 = CARTESIAN_POINT( '', ( 0.00472613761561533, 0.00233785064497881, 0.00100565409998938 ) );
#243 = CARTESIAN_POINT( '', ( 0.00711271612923077, 0.00233693348396850, 0.00108998803364089 ) );
#244 = CARTESIAN_POINT( '', ( 0.00950445018345510, 0.00233768518843432, 0.00102349107859920 ) );
#245 = CARTESIAN_POINT( '', ( 0.0110931370306944, 0.00234129354411698, -0.000339105837802956 ) );
#246 = CARTESIAN_POINT( '', ( 0.0126325590081447, 0.00237238504737492, -0.00194189941298202 ) );
#247 = CARTESIAN_POINT( '', ( -0.0135514083023987, 0.00475138885079408, -0.00705038551606007 ) );
#248 = CARTESIAN_POINT( '', ( -0.0115764044121068, 0.00473768323960184, -0.00484518258674428 ) );
#249 = CARTESIAN_POINT( '', ( -0.00953360923049963, 0.00472936030866139, -0.00259164573580227 ) );
#250 = CARTESIAN_POINT( '', ( -0.00721494554362913, 0.00472621023699909, -3.42462289277252E-05 ) );
#251 = CARTESIAN_POINT( '', ( -0.00482786892980329, 0.00472640466486477, 0.000980150352042708 ) );
#252 = CARTESIAN_POINT( '', ( -0.00243843812138467, 0.00472255343975197, 0.00120478682520584 ) );
#253 = CARTESIAN_POINT( '', ( -5.11493768711823E-05, 0.00472502713261845, 0.000931624718822682 ) );
#254 = CARTESIAN_POINT( '', ( 0.00233786303217900, 0.00472612954495471, 0.00100561755225210 ) );
#255 = CARTESIAN_POINT( '', ( 0.00472491519456536, 0.00472490641394433, 0.000933348101012795 ) );
#256 = CARTESIAN_POINT( '', ( 0.00711423908909641, 0.00472570724955281, 0.00113466146971043 ) );
#257 = CARTESIAN_POINT( '', ( 0.00950038762219704, 0.00472594430065175, 0.000802964167568225 ) );
#258 = CARTESIAN_POINT( '', ( 0.0110920430673855, 0.00471845953348771, 0.000592705670022659 ) );
#259 = CARTESIAN_POINT( '', ( 0.0125970996220210, 0.00476008851720365, -0.000709725907133299 ) );
#260 = CARTESIAN_POINT( '', ( -0.0139338938152019, 0.00719473946839712, -0.00815979889375449 ) );
#261 = CARTESIAN_POINT( '', ( -0.0117546244926442, 0.00714797682826270, -0.00591469628762225 ) );
#262 = CARTESIAN_POINT( '', ( -0.00952021960006531, 0.00711356897495183, -0.00358229976451956 ) );
#263 = CARTESIAN_POINT( '', ( -0.00720156053409181, 0.00710357788577525, -0.00122983573956398 ) );
#264 = CARTESIAN_POINT( '', ( -0.00482609190834021, 0.00711506337533242, -1.82901283923453E-05 ) );
#265 = CARTESIAN_POINT( '', ( -0.00243923650073235, 0.00711987059357368, 0.00102443644291422 ) );
#266 = CARTESIAN_POINT( '', ( -5.06287981997620E-05, 0.00711416235325024, 0.00130383725436363 ) );
#267 = CARTESIAN_POINT( '', ( 0.00233694823527822, 0.00711270986238475, 0.00109000462610311 ) );
#268 = CARTESIAN_POINT( '', ( 0.00472571972586039, 0.00711423088671045, 0.00113466613664440 ) );
#269 = CARTESIAN_POINT( '', ( 0.00711360336666783, 0.00711359351707563, 0.00115004335041094 ) );
#270 = CARTESIAN_POINT( '', ( 0.00950184010240806, 0.00711108853681141, 0.000891481976995395 ) );
#271 = CARTESIAN_POINT( '', ( 0.0110930890944051, 0.00713327190970608, 2.74056149446265E-05 ) );
#272 = CARTESIAN_POINT( '', ( 0.0126200725320513, 0.00709742512532264, -0.000691257232902047 ) );
#273 = CARTESIAN_POINT( '', ( -0.0142604512261350, 0.00967518507466187, -0.00902125796168953 ) );
#274 = CARTESIAN_POINT( '', ( -0.0119237084486834, 0.00957151122042807, -0.00705060627206890 ) );
#275 = CARTESIAN_POINT( '', ( -0.00957234928508513, 0.00948055824656555, -0.00513891929300208 ) );
#276 = CARTESIAN_POINT( '', ( -0.00720787397604424, 0.00942592314759519, -0.00353420409046171 ) );
#277 = CARTESIAN_POINT( '', ( -0.00482528622033500, 0.00943769915200239, -0.00248967268879761 ) );
#278 = CARTESIAN_POINT( '', ( -0.00243629447944131, 0.00948805696817703, -0.00122546436457386 ) );
#279 = CARTESIAN_POINT( '', ( -5.08729208133411E-05, 0.00949971572430088, 0.000414850565635515 ) );
#280 = CARTESIAN_POINT( '', ( 0.00233770069376083, 0.00950444749935479, 0.00102348858677110 ) );
#281 = CARTESIAN_POINT( '', ( 0.00472595459863627, 0.00950038586641837, 0.000802951865857605 ) );
#282 = CARTESIAN_POINT( '', ( 0.00711109694286981, 0.00950183593934315, 0.000891488506584768 ) );
#283 = CARTESIAN_POINT( '', ( 0.00950953989769394, 0.00950954445629790, -4.79360340810426E-05 ) );
#284 = CARTESIAN_POINT( '', ( 0.0110760564078441, 0.00945999020510778, -0.000781158173970083 ) );
#285 = CARTESIAN_POINT( '', ( 0.0127188403795420, 0.00929368313608218, -0.00133270557484683 ) );
#286 = CARTESIAN_POINT( '', ( -0.0145424947869208, 0.0121897804325422, -0.00978556049925454 ) );
#287 = CARTESIAN_POINT( '', ( -0.0120976227130042, 0.0120109462270992, -0.00835789242092508 ) );
#288 = CARTESIAN_POINT( '', ( -0.00966029806468087, 0.0118349295384375, -0.00701673394989644 ) );
#289 = CARTESIAN_POINT( '', ( -0.00723859818768190, 0.0116640158915509, -0.00585184590872386 ) );
#290 = CARTESIAN_POINT( '', ( -0.00483001216441731, 0.0114840831936310, -0.00477423358891285 ) );
#291 = CARTESIAN_POINT( '', ( -0.00243256098615793, 0.0112547624754950, -0.00354740892975220 ) );
#292 = CARTESIAN_POINT( '', ( -4.99455483513433E-05, 0.0110782159329975, -0.00204728310498106 ) );
#293 = CARTESIAN_POINT( '', ( 0.00234129492085284, 0.0110931512710064, -0.000339087086118259 ) );
#294 = CARTESIAN_POINT( '', ( 0.00471846847311830, 0.0110920455461869, 0.000592720115204747 ) );
#295 = CARTESIAN_POINT( '', ( 0.00713327171654903, 0.0110930962694913, 2.73960543049055E-05 ) );
#296 = CARTESIAN_POINT( '', ( 0.00945997831848667, 0.0110760716607036, -0.000781166771284159 ) );
#297 = CARTESIAN_POINT( '', ( 0.0111918910479168, 0.0111919148039559, -0.00160571096279435 ) );
#298 = CARTESIAN_POINT( '', ( 0.0129475247650762, 0.0113164358439341, -0.00220903114928236 ) );
#299 = CARTESIAN_POINT( '', ( -0.0148060551354297, 0.0147228594246210, -0.0105445395752849 ) );
#300 = CARTESIAN_POINT( '', ( -0.0122742170915348, 0.0144580655451293, -0.00975249225961324 ) );
#301 = CARTESIAN_POINT( '', ( -0.00976086225990432, 0.0141747880315378, -0.00896576840547199 ) );
#302 = CARTESIAN_POINT( '', ( -0.00728179373859258, 0.0138468589383873, -0.00810237778455965 ) );
#303 = CARTESIAN_POINT( '', ( -0.00484019921002633, 0.0134626231189907, -0.00700911036989349 ) );
#304 = CARTESIAN_POINT( '', ( -0.00242679501735924, 0.0130656751237800, -0.00559986607691715 ) );
#305 = CARTESIAN_POINT( '', ( -2.68364022183084E-05, 0.0127674536194559, -0.00383822894020883 ) );
#306 = CARTESIAN_POINT( '', ( 0.00237236978092212, 0.0126325949394135, -0.00194192399116919 ) );
#307 = CARTESIAN_POINT( '', ( 0.00476008393963262, 0.0125971194180561, -0.000709722043695051 ) );
#308 = CARTESIAN_POINT( '', ( 0.00709741778576878, 0.0126200907476084, -0.000691257517577823 ) );
#309 = CARTESIAN_POINT( '', ( 0.00929366580105494, 0.0127188651144765, -0.00133271047488363 ) );
#310 = CARTESIAN_POINT( '', ( 0.0113164059321982, 0.0129475584957816, -0.00220903548944181 ) );
#311 = CARTESIAN_POINT( '', ( 0.0132576610382940, 0.0132577036464507, -0.00308540155149030 ) );
#312 = SURFACE_SIDE_STYLE( '', ( #946 ) );
#313 = EDGE_LOOP( '', ( #947, #948, #949, #950 ) );
#314 = CARTESIAN_POINT( '', ( -4.99999999999962E-05, -0.0100000000000000, -0.000593272025480861 ) );
#315 = CARTESIAN_POINT( '', ( -0.000848452251313798, -0.0100000000000000, -0.000199973762482153 ) );
#316 = CARTESIAN_POINT( '', ( -0.00163016526748479, -0.0100000000000000, 0.000121471116293421 ) );
#317 = CARTESIAN_POINT( '', ( -0.00243873337739705, -0.0100000000000000, 0.000334210529023937 ) );
#318 = CARTESIAN_POINT( '', ( -0.00322211308717482, -0.0100000000000000, 0.000540322713464661 ) );
#319 = CARTESIAN_POINT( '', ( -0.00401696578505119, -0.0100000000000000, 0.000641221939782901 ) );
#320 = CARTESIAN_POINT( '', ( -0.00482626932256636, -0.0100000000000000, 0.000653461124891548 ) );
#321 = CARTESIAN_POINT( '', ( -0.00563194533979025, -0.0100000000000000, 0.000665645450617686 ) );
#322 = CARTESIAN_POINT( '', ( -0.00642988118832015, -0.0100000000000000, 0.000589648634716487 ) );
#323 = CARTESIAN_POINT( '', ( -0.00721582908879383, -0.0100000000000000, 0.000408996909141264 ) );
#324 = CARTESIAN_POINT( '', ( -0.00803105072402672, -0.0100000000000000, 0.000221616556013122 ) );
#325 = CARTESIAN_POINT( '', ( -0.00883318228755969, -0.0100000000000000, -7.90359622967734E-05 ) );
#326 = CARTESIAN_POINT( '', ( -0.00960197395877395, -0.0100000000000000, -0.000402876737462152 ) );
#327 = CARTESIAN_POINT( '', ( -0.00973222048729113, -0.0100000000000000, -0.000457740933234439 ) );
#328 = CARTESIAN_POINT( '', ( -0.00986208088025475, -0.0100000000000000, -0.000513531811724756 ) );
#329 = CARTESIAN_POINT( '', ( -0.0100000000000000, -0.00995000000000000, -0.000550670093052079 ) );
#330 = CARTESIAN_POINT( '', ( -4.99999999999962E-05, -0.0100000000000000, 6.72797451913953E-06 ) );
#331 = CARTESIAN_POINT( '', ( -0.000848452251313798, -0.0100000000000000, 0.000400026237517847 ) );
#332 = CARTESIAN_POINT( '', ( -0.00163016526748479, -0.0100000000000000, 0.000721471116293421 ) );
#333 = CARTESIAN_POINT( '', ( -0.00243873337739705, -0.0100000000000000, 0.000934210529023937 ) );
#334 = CARTESIAN_POINT( '', ( -0.00322211308717482, -0.0100000000000000, 0.00114032271346466 ) );
#335 = CARTESIAN_POINT( '', ( -0.00401696578505119, -0.0100000000000000, 0.00124122193978290 ) );
#336 = CARTESIAN_POINT( '', ( -0.00482626932256636, -0.0100000000000000, 0.00125346112489155 ) );
#337 = CARTESIAN_POINT( '', ( -0.00563194533979025, -0.0100000000000000, 0.00126564545061769 ) );
#338 = CARTESIAN_POINT( '', ( -0.00642988118832015, -0.0100000000000000, 0.00118964863471649 ) );
#339 = CARTESIAN_POINT( '', ( -0.00721582908879383, -0.0100000000000000, 0.00100899690914126 ) );
#340 = CARTESIAN_POINT( '', ( -0.00803105072402672, -0.0100000000000000, 0.000821616556013122 ) );
#341 = CARTESIAN_POINT( '', ( -0.00883318228755969, -0.0100000000000000, 0.000520964037703227 ) );
#342 = CARTESIAN_POINT( '', ( -0.00960197395877395, -0.0100000000000000, 0.000197123262537848 ) );
#343 = CARTESIAN_POINT( '', ( -0.00973222048729113, -0.0100000000000000, 0.000142259066765561 ) );
#344 = CARTESIAN_POINT( '', ( -0.00986208088025475, -0.0100000000000000, 8.64681882752436E-05 ) );
#345 = CARTESIAN_POINT( '', ( -0.0100000000000000, -0.00995000000000000, 4.93299069479210E-05 ) );
#346 = SURFACE_SIDE_STYLE( '', ( #951 ) );
#347 = EDGE_LOOP( '', ( #952, #953, #954, #955 ) );
#348 = CARTESIAN_POINT( '', ( -4.99999999999962E-05, -0.0100000000000000, 0.000593272025480861 ) );
#349 = CARTESIAN_POINT( '', ( -0.000848452251313798, -0.0100000000000000, 0.000199973762482153 ) );
#350 = CARTESIAN_POINT( '', ( -0.00163016526748479, -0.0100000000000000, -0.000121471116293421 ) );
#351 = CARTESIAN_POINT( '', ( -0.00243873337739705, -0.0100000000000000, -0.000334210529023937 ) );
#352 = CARTESIAN_POINT( '', ( -0.00322211308717482, -0.0100000000000000, -0.000540322713464661 ) );
#353 = CARTESIAN_POINT( '', ( -0.00401696578505119, -0.0100000000000000, -0.000641221939782901 ) );
#354 = CARTESIAN_POINT( '', ( -0.00482626932256636, -0.0100000000000000, -0.000653461124891548 ) );
#355 = CARTESIAN_POINT( '', ( -0.00563194533979025, -0.0100000000000000, -0.000665645450617686 ) );
#356 = CARTESIAN_POINT( '', ( -0.00642988118832015, -0.0100000000000000, -0.000589648634716487 ) );
#357 = CARTESIAN_POINT( '', ( -0.00721582908879383, -0.0100000000000000, -0.000408996909141264 ) );
#358 = CARTESIAN_POINT( '', ( -0.00803105072402672, -0.0100000000000000, -0.000221616556013122 ) );
#359 = CARTESIAN_POINT( '', ( -0.00883318228755969, -0.0100000000000000, 7.90359622967734E-05 ) );
#360 = CARTESIAN_POINT( '', ( -0.00960197395877395, -0.0100000000000000, 0.000402876737462152 ) );
#361 = CARTESIAN_POINT( '', ( -0.00973222048729113, -0.0100000000000000, 0.000457740933234439 ) );
#362 = CARTESIAN_POINT( '', ( -0.00986208088025475, -0.0100000000000000, 0.000513531811724756 ) );
#363 = CARTESIAN_POINT( '', ( -0.0100000000000000, -0.00995000000000000, 0.000550670093052079 ) );
#364 = CARTESIAN_POINT( '', ( -4.99999999999962E-05, -0.0100000000000000, -6.72797451913953E-06 ) );
#365 = CARTESIAN_POINT( '', ( -0.000848452251313798, -0.0100000000000000, -0.000400026237517847 ) );
#366 = CARTESIAN_POINT( '', ( -0.00163016526748479, -0.0100000000000000, -0.000721471116293421 ) );
#367 = CARTESIAN_POINT( '', ( -0.00243873337739705, -0.0100000000000000, -0.000934210529023937 ) );
#368 = CARTESIAN_POINT( '', ( -0.00322211308717482, -0.0100000000000000, -0.00114032271346466 ) );
#369 = CARTESIAN_POINT( '', ( -0.00401696578505119, -0.0100000000000000, -0.00124122193978290 ) );
#370 = CARTESIAN_POINT( '', ( -0.00482626932256636, -0.0100000000000000, -0.00125346112489155 ) );
#371 = CARTESIAN_POINT( '', ( -0.00563194533979025, -0.0100000000000000, -0.00126564545061769 ) );
#372 = CARTESIAN_POINT( '', ( -0.00642988118832015, -0.0100000000000000, -0.00118964863471649 ) );
#373 = CARTESIAN_POINT( '', ( -0.00721582908879383, -0.0100000000000000, -0.00100899690914126 ) );
#374 = CARTESIAN_POINT( '', ( -0.00803105072402672, -0.0100000000000000, -0.000821616556013122 ) );
#375 = CARTESIAN_POINT( '', ( -0.00883318228755969, -0.0100000000000000, -0.000520964037703227 ) );
#376 = CARTESIAN_POINT( '', ( -0.00960197395877395, -0.0100000000000000, -0.000197123262537848 ) );
#377 = CARTESIAN_POINT( '', ( -0.00973222048729113, -0.0100000000000000, -0.000142259066765561 ) );
#378 = CARTESIAN_POINT( '', ( -0.00986208088025475, -0.0100000000000000, -8.64681882752436E-05 ) );
#379 = CARTESIAN_POINT( '', ( -0.0100000000000000, -0.00995000000000000, -4.93299069479210E-05 ) );
#380 = SURFACE_SIDE_STYLE( '', ( #956 ) );
#381 = EDGE_LOOP( '', ( #957, #958, #959, #960, #961, #962 ) );
#382 = CARTESIAN_POINT( '', ( -0.0133512766076053, -0.0133501260089857, 0.00273146619495910 ) );
#383 = CARTESIAN_POINT( '', ( -0.0130430157479832, -0.0114113688793993, 0.00177519437268019 ) );
#384 = CARTESIAN_POINT( '', ( -0.0128162747279368, -0.00939101800919023, 0.000841066670863142 ) );
#385 = CARTESIAN_POINT( '', ( -0.0127189697917939, -0.00719626324399925, 0.000174517025570449 ) );
#386 = CARTESIAN_POINT( '', ( -0.0126961357692555, -0.00485897930616804, 0.000179547305113692 ) );
#387 = CARTESIAN_POINT( '', ( -0.0127295959952533, -0.00246928143402500, 0.00140860856198694 ) );
#388 = CARTESIAN_POINT( '', ( -0.0128613295356931, -6.70482977896191E-05, 0.00328201430334512 ) );
#389 = CARTESIAN_POINT( '', ( -0.0131567160060222, 0.00233572367207489, 0.00502951396618790 ) );
#390 = CARTESIAN_POINT( '', ( -0.0135514083023987, 0.00475138885079408, 0.00645038551606007 ) );
#391 = CARTESIAN_POINT( '', ( -0.0139338938152019, 0.00719473946839712, 0.00755979889375448 ) );
#392 = CARTESIAN_POINT( '', ( -0.0142604512261350, 0.00967518507466187, 0.00842125796168953 ) );
#393 = CARTESIAN_POINT( '', ( -0.0145424947869208, 0.0121897804325422, 0.00918556049925454 ) );
#394 = CARTESIAN_POINT( '', ( -0.0148060551354297, 0.0147228594246210, 0.00994453957528494 ) );
#395 = CARTESIAN_POINT( '', ( -0.0114120063865232, -0.0130422531819869, 0.00180038259521468 ) );
#396 = CARTESIAN_POINT( '', ( -0.0112887645551984, -0.0112882273365122, 0.00116149993999767 ) );
