ISO-10303-21;
HEADER;
FILE_DESCRIPTION( ( '' ), ' ' );
FILE_NAME( '/vol/tmp/translate-1565909162963028592/5ae2e31832f59e0fc44a1e25.step', '2018-04-27T08:45:13', ( '' ), ( '' ), ' ', ' ', ' ' );
FILE_SCHEMA( ( 'AUTOMOTIVE_DESIGN { 1 0 10303 214 1 1 1 1 }' ) );
ENDSEC;
DATA;
#1 = MECHANICAL_DESIGN_GEOMETRIC_PRESENTATION_REPRESENTATION( ' ', ( #12, #13, #14, #15, #16, #17, #18, #19, #20, #21, #22, #23, #24, #25, #26, #27 ), #8 );
#2 = PRODUCT_DEFINITION_CONTEXT( '', #28, 'design' );
#3 = APPLICATION_PROTOCOL_DEFINITION( 'international standard', 'automotive_design', 2001, #28 );
#4 = PRODUCT_CATEGORY_RELATIONSHIP( 'NONE', 'NONE', #29, #30 );
#5 = SHAPE_DEFINITION_REPRESENTATION( #31, #32 );
#6 = PRODUCT_CATEGORY_RELATIONSHIP( 'NONE', 'NONE', #29, #33 );
#7 = SHAPE_DEFINITION_REPRESENTATION( #34, #35 );
#8 =  ( GEOMETRIC_REPRESENTATION_CONTEXT( 3 )GLOBAL_UNCERTAINTY_ASSIGNED_CONTEXT( ( #38 ) )GLOBAL_UNIT_ASSIGNED_CONTEXT( ( #40, #41, #42 ) )REPRESENTATION_CONTEXT( 'NONE', 'WORKSPACE' ) );
#12 = STYLED_ITEM( '', ( #44 ), #45 );
#13 = STYLED_ITEM( '', ( #46 ), #47 );
#14 = STYLED_ITEM( '', ( #48 ), #49 );
#15 = STYLED_ITEM( '', ( #50 ), #51 );
#16 = STYLED_ITEM( '', ( #52 ), #53 );
#17 = STYLED_ITEM( '', ( #54 ), #55 );
#18 = STYLED_ITEM( '', ( #56 ), #57 );
#19 = STYLED_ITEM( '', ( #58 ), #59 );
#20 = STYLED_ITEM( '', ( #60 ), #61 );
#21 = STYLED_ITEM( '', ( #62 ), #63 );
#22 = STYLED_ITEM( '', ( #64 ), #65 );
#23 = STYLED_ITEM( '', ( #66 ), #67 );
#24 = STYLED_ITEM( '', ( #68 ), #69 );
#25 = STYLED_ITEM( '', ( #70 ), #71 );
#26 = STYLED_ITEM( '', ( #72 ), #73 );
#27 = STYLED_ITEM( '', ( #74 ), #75 );
#28 = APPLICATION_CONTEXT( 'core data for automotive mechanical design processes' );
#29 = PRODUCT_CATEGORY( 'part', 'NONE' );
#30 = PRODUCT_RELATED_PRODUCT_CATEGORY( 'detail', ' ', ( #76 ) );
#31 = PRODUCT_DEFINITION_SHAPE( 'NONE', 'NONE', #77 );
#32 = ADVANCED_BREP_SHAPE_REPRESENTATION( 'Document', ( #78, #79 ), #8 );
#33 = PRODUCT_RELATED_PRODUCT_CATEGORY( 'detail', ' ', ( #80 ) );
#34 = PRODUCT_DEFINITION_SHAPE( 'NONE', 'NONE', #81 );
#35 = ADVANCED_BREP_SHAPE_REPRESENTATION( 'Document', ( #82, #83 ), #8 );
#38 = UNCERTAINTY_MEASURE_WITH_UNIT( LENGTH_MEASURE( 1.00000000000000E-17 ), #40, '', '' );
#40 =  ( CONVERSION_BASED_UNIT( 'METRE', #86 )LENGTH_UNIT(  )NAMED_UNIT( #89 ) );
#41 =  ( NAMED_UNIT( #91 )PLANE_ANGLE_UNIT(  )SI_UNIT( $, .RADIAN. ) );
#42 =  ( NAMED_UNIT( #91 )SI_UNIT( $, .STERADIAN. )SOLID_ANGLE_UNIT(  ) );
#44 = PRESENTATION_STYLE_ASSIGNMENT( ( #97 ) );
#45 = ADVANCED_FACE( '', ( #98 ), #99, .T. );
#46 = PRESENTATION_STYLE_ASSIGNMENT( ( #100 ) );
#47 = ADVANCED_FACE( '', ( #101 ), #102, .T. );
#48 = PRESENTATION_STYLE_ASSIGNMENT( ( #103 ) );
#49 = ADVANCED_FACE( '', ( #104 ), #105, .T. );
#50 = PRESENTATION_STYLE_ASSIGNMENT( ( #106 ) );
#51 = ADVANCED_FACE( '', ( #107 ), #108, .T. );
#52 = PRESENTATION_STYLE_ASSIGNMENT( ( #109 ) );
#53 = ADVANCED_FACE( '', ( #110 ), #111, .T. );
#54 = PRESENTATION_STYLE_ASSIGNMENT( ( #112 ) );
#55 = ADVANCED_FACE( '', ( #113 ), #114, .T. );
#56 = PRESENTATION_STYLE_ASSIGNMENT( ( #115 ) );
#57 = ADVANCED_FACE( '', ( #116 ), #117, .T. );
#58 = PRESENTATION_STYLE_ASSIGNMENT( ( #118 ) );
#59 = ADVANCED_FACE( '', ( #119 ), #120, .T. );
#60 = PRESENTATION_STYLE_ASSIGNMENT( ( #121 ) );
#61 = ADVANCED_FACE( '', ( #122 ), #123, .T. );
#62 = PRESENTATION_STYLE_ASSIGNMENT( ( #124 ) );
#63 = ADVANCED_FACE( '', ( #125 ), #126, .T. );
#64 = PRESENTATION_STYLE_ASSIGNMENT( ( #127 ) );
#65 = ADVANCED_FACE( '', ( #128 ), #129, .T. );
#66 = PRESENTATION_STYLE_ASSIGNMENT( ( #130 ) );
#67 = ADVANCED_FACE( '', ( #131 ), #132, .T. );
#68 = PRESENTATION_STYLE_ASSIGNMENT( ( #133 ) );
#69 = ADVANCED_FACE( '', ( #134 ), #135, .T. );
#70 = PRESENTATION_STYLE_ASSIGNMENT( ( #136 ) );
#71 = ADVANCED_FACE( '', ( #137 ), #138, .T. );
#72 = PRESENTATION_STYLE_ASSIGNMENT( ( #139 ) );
#73 = ADVANCED_FACE( '', ( #140 ), #141, .T. );
#74 = PRESENTATION_STYLE_ASSIGNMENT( ( #142 ) );
#75 = ADVANCED_FACE( '', ( #143 ), #144, .T. );
#76 = PRODUCT( 'Document', 'Document', 'PART-Document-DESC', ( #145 ) );
#77 = PRODUCT_DEFINITION( 'NONE', 'NONE', #146, #2 );
#78 = MANIFOLD_SOLID_BREP( 'Document', #147 );
#79 = AXIS2_PLACEMENT_3D( '', #148, #149, #150 );
#80 = PRODUCT( 'Document', 'Document', 'PART-Document-DESC', ( #145 ) );
#81 = PRODUCT_DEFINITION( 'NONE', 'NONE', #151, #2 );
#82 = MANIFOLD_SOLID_BREP( 'Document', #152 );
#83 = AXIS2_PLACEMENT_3D( '', #153, #154, #155 );
#86 = LENGTH_MEASURE_WITH_UNIT( LENGTH_MEASURE( 1.00000000000000 ), #156 );
#89 = DIMENSIONAL_EXPONENTS( 1.00000000000000, 0.00000000000000, 0.00000000000000, 0.00000000000000, 0.00000000000000, 0.00000000000000, 0.00000000000000 );
#91 = DIMENSIONAL_EXPONENTS( 0.00000000000000, 0.00000000000000, 0.00000000000000, 0.00000000000000, 0.00000000000000, 0.00000000000000, 0.00000000000000 );
#97 = SURFACE_STYLE_USAGE( .BOTH., #157 );
#98 = FACE_OUTER_BOUND( '', #158, .T. );
#99 = B_SPLINE_SURFACE_WITH_KNOTS( '', 3, 3, ( ( #159, #160, #161, #162, #163, #164, #165, #166, #167, #168, #169, #170, #171 ), ( #172, #173, #174, #175, #176, #177, #178, #179, #180, #181, #182, #183, #184 ), ( #185, #186, #187, #188, #189, #190, #191, #192, #193, #194, #195, #196, #197 ), ( #198, #199, #200, #201, #202, #203, #204, #205, #206, #207, #208, #209, #210 ), ( #211, #212, #213, #214, #215, #216, #217, #218, #219, #220, #221, #222, #223 ), ( #224, #225, #226, #227, #228, #229, #230, #231, #232, #233, #234, #235, #236 ), ( #237, #238, #239, #240, #241, #242, #243, #244, #245, #246, #247, #248, #249 ), ( #250, #251, #252, #253, #254, #255, #256, #257, #258, #259, #260, #261, #262 ), ( #263, #264, #265, #266, #267, #268, #269, #270, #271, #272, #273, #274, #275 ), ( #276, #277, #278, #279, #280, #281, #282, #283, #284, #285, #286, #287, #288 ), ( #289, #290, #291, #292, #293, #294, #295, #296, #297, #298, #299, #300, #301 ), ( #302, #303, #304, #305, #306, #307, #308, #309, #310, #311, #312, #313, #314 ), ( #315, #316, #317, #318, #319, #320, #321, #322, #323, #324, #325, #326, #327 ) ), .UNSPECIFIED., .F., .F., .F., ( 4, 1, 1, 1, 1, 1, 1, 1, 1, 1, 4 ), ( 4, 1, 1, 1, 1, 1, 1, 1, 1, 1, 4 ), ( -1.19900886081074, -0.960197124476323, -0.721385388141907, -0.482573651807491, -0.243761915473076, -0.00495017913866008, 0.233861557195756, 0.472673293530171, 0.711485029864587, 0.950296766199002, 1.18910850253342 ), ( -1.19900969919816, -0.960197685394232, -0.721385671590302, -0.482573657786372, -0.243761643982441, -0.00494963017851119, 0.233862383625419, 0.472674397429349, 0.711486411233279, 0.950298425037210, 1.18911043884114 ), .UNSPECIFIED. );
#100 = SURFACE_STYLE_USAGE( .BOTH., #328 );
#101 = FACE_OUTER_BOUND( '', #329, .T. );
#102 = B_SPLINE_SURFACE_WITH_KNOTS( '', 1, 3, ( ( #330, #331, #332, #333, #334, #335, #336, #337, #338, #339, #340, #341, #342, #343, #344, #345 ), ( #346, #347, #348, #349, #350, #351, #352, #353, #354, #355, #356, #357, #358, #359, #360, #361 ) ), .UNSPECIFIED., .F., .F., .F., ( 2, 2 ), ( 4, 3, 3, 3, 3, 4 ), ( 0.00000000000000, 0.0300000000000000 ), ( -1.03102251024602, -0.779248956318186, -0.536972442810425, -0.295387618257471, -0.0424367701555099, 0.00000000000000 ), .UNSPECIFIED. );
#103 = SURFACE_STYLE_USAGE( .BOTH., #362 );
#104 = FACE_OUTER_BOUND( '', #363, .T. );
#105 = B_SPLINE_SURFACE_WITH_KNOTS( '', 1, 3, ( ( #364, #365, #366, #367 ), ( #368, #369, #370, #371 ) ), .UNSPECIFIED., .F., .F., .F., ( 2, 2 ), ( 4, 4 ), ( 0.00000000000000, 0.0300000000000000 ), ( -1.04185912096843, 0.00000000000000 ), .UNSPECIFIED. );
#106 = SURFACE_STYLE_USAGE( .BOTH., #372 );
#107 = FACE_OUTER_BOUND( '', #373, .T. );
#108 = B_SPLINE_SURFACE_WITH_KNOTS( '', 3, 3, ( ( #374, #375, #376, #377, #378, #379, #380, #381, #382, #383, #384, #385, #386 ), ( #387, #388, #389, #390, #391, #392, #393, #394, #395, #396, #397, #398, #399 ), ( #400, #401, #402, #403, #404, #405, #406, #407, #408, #409, #410, #411, #412 ), ( #413, #414, #415, #416, #417, #418, #419, #420, #421, #422, #423, #424, #425 ), ( #426, #427, #428, #429, #430, #431, #432, #433, #434, #435, #436, #437, #438 ), ( #439, #440, #441, #442, #443, #444, #445, #446, #447, #448, #449, #450, #451 ), ( #452, #453, #454, #455, #456, #457, #458, #459, #460, #461, #462, #463, #464 ), ( #465, #466, #467, #468, #469, #470, #471, #472, #473, #474, #475, #476, #477 ), ( #478, #479, #480, #481, #482, #483, #484, #485, #486, #487, #488, #489, #490 ), ( #491, #492, #493, #494, #495, #496, #497, #498, #499, #500, #501, #502, #503 ), ( #504, #505, #506, #507, #508, #509, #510, #511, #512, #513, #514, #515, #516 ), ( #517, #518, #519, #520, #521, #522, #523, #524, #525, #526, #527, #528, #529 ), ( #530, #531, #532, #533, #534, #535, #536, #537, #538, #539, #540, #541, #542 ) ), .UNSPECIFIED., .F., .F., .F., ( 4, 1, 1, 1, 1, 1, 1, 1, 1, 1, 4 ), ( 4, 1, 1, 1, 1, 1, 1, 1, 1, 1, 4 ), ( -1.19900969919816, -0.960197685394232, -0.721385671590302, -0.482573657786372, -0.243761643982441, -0.00494963017851119, 0.233862383625419, 0.472674397429349, 0.711486411233279, 0.950298425037210, 1.18911043884114 ), ( -1.19900886081074, -0.960197124476323, -0.721385388141907, -0.482573651807491, -0.243761915473076, -0.00495017913866008, 0.233861557195756, 0.472673293530171, 0.711485029864587, 0.950296766199002, 1.18910850253342 ), .UNSPECIFIED. );
#109 = SURFACE_STYLE_USAGE( .BOTH., #543 );
#110 = FACE_OUTER_BOUND( '', #544, .T. );
#111 = B_SPLINE_SURFACE_WITH_KNOTS( '', 1, 3, ( ( #545, #546, #547, #548 ), ( #549, #550, #551, #552 ) ), .UNSPECIFIED., .F., .F., .F., ( 2, 2 ), ( 4, 4 ), ( 0.00000000000000, 0.0300000000000000 ), ( -1.44632562252175, 0.00000000000000 ), .UNSPECIFIED. );
#112 = SURFACE_STYLE_USAGE( .BOTH., #553 );
#113 = FACE_OUTER_BOUND( '', #554, .T. );
#114 = B_SPLINE_SURFACE_WITH_KNOTS( '', 3, 1, ( ( #555, #556 ), ( #557, #558 ), ( #559, #560 ), ( #561, #562 ) ), .UNSPECIFIED., .F., .F., .F., ( 4, 4 ), ( 2, 2 ), ( -1.04185894902884, 0.00000000000000 ), ( 0.00000000000000, 0.0300000000000000 ), .UNSPECIFIED. );
#115 = SURFACE_STYLE_USAGE( .BOTH., #563 );
#116 = FACE_OUTER_BOUND( '', #564, .T. );
#117 = B_SPLINE_SURFACE_WITH_KNOTS( '', 3, 3, ( ( #565, #566, #567, #568, #569, #570, #571, #572, #573, #574, #575, #576, #577 ), ( #578, #579, #580, #581, #582, #583, #584, #585, #586, #587, #588, #589, #590 ), ( #591, #592, #593, #594, #595, #596, #597, #598, #599, #600, #601, #602, #603 ), ( #604, #605, #606, #607, #608, #609, #610, #611, #612, #613, #614, #615, #616 ), ( #617, #618, #619, #620, #621, #622, #623, #624, #625, #626, #627, #628, #629 ), ( #630, #631, #632, #633, #634, #635, #636, #637, #638, #639, #640, #641, #642 ), ( #643, #644, #645, #646, #647, #648, #649, #650, #651, #652, #653, #654, #655 ), ( #656, #657, #658, #659, #660, #661, #662, #663, #664, #665, #666, #667, #668 ), ( #669, #670, #671, #672, #673, #674, #675, #676, #677, #678, #679, #680, #681 ), ( #682, #683, #684, #685, #686, #687, #688, #689, #690, #691, #692, #693, #694 ), ( #695, #696, #697, #698, #699, #700, #701, #702, #703, #704, #705, #706, #707 ), ( #708, #709, #710, #711, #712, #713, #714, #715, #716, #717, #718, #719, #720 ), ( #721, #722, #723, #724, #725, #726, #727, #728, #729, #730, #731, #732, #733 ) ), .UNSPECIFIED., .F., .F., .F., ( 4, 1, 1, 1, 1, 1, 1, 1, 1, 1, 4 ), ( 4, 1, 1, 1, 1, 1, 1, 1, 1, 1, 4 ), ( -1.19900969919816, -0.960197685394232, -0.721385671590302, -0.482573657786372, -0.243761643982441, -0.00494963017851119, 0.233862383625419, 0.472674397429349, 0.711486411233279, 0.950298425037210, 1.18911043884114 ), ( -1.19900886081074, -0.960197124476323, -0.721385388141907, -0.482573651807491, -0.243761915473076, -0.00495017913866008, 0.233861557195756, 0.472673293530171, 0.711485029864587, 0.950296766199002, 1.18910850253342 ), .UNSPECIFIED. );
#118 = SURFACE_STYLE_USAGE( .BOTH., #734 );
#119 = FACE_OUTER_BOUND( '', #735, .T. );
#120 = B_SPLINE_SURFACE_WITH_KNOTS( '', 1, 3, ( ( #736, #737, #738, #739 ), ( #740, #741, #742, #743 ) ), .UNSPECIFIED., .F., .F., .F., ( 2, 2 ), ( 4, 4 ), ( 0.00000000000000, 0.0300000000000000 ), ( -1.03128910780953, 0.00000000000000 ), .UNSPECIFIED. );
#121 = SURFACE_STYLE_USAGE( .BOTH., #744 );
#122 = FACE_OUTER_BOUND( '', #745, .T. );
#123 = B_SPLINE_SURFACE_WITH_KNOTS( '', 1, 3, ( ( #746, #747, #748, #749 ), ( #750, #751, #752, #753 ) ), .UNSPECIFIED., .F., .F., .F., ( 2, 2 ), ( 4, 4 ), ( 0.00000000000000, 0.0300000000000000 ), ( -1.44632396871406, 0.00000000000000 ), .UNSPECIFIED. );
#124 = SURFACE_STYLE_USAGE( .BOTH., #754 );
#125 = FACE_OUTER_BOUND( '', #755, .T. );
#126 = B_SPLINE_SURFACE_WITH_KNOTS( '', 3, 1, ( ( #756, #757 ), ( #758, #759 ), ( #760, #761 ), ( #762, #763 ) ), .UNSPECIFIED., .F., .F., .F., ( 4, 4 ), ( 2, 2 ), ( -1.04185912096843, 0.00000000000000 ), ( 0.00000000000000, 0.0300000000000000 ), .UNSPECIFIED. );
#127 = SURFACE_STYLE_USAGE( .BOTH., #764 );
#128 = FACE_OUTER_BOUND( '', #765, .T. );
#129 = B_SPLINE_SURFACE_WITH_KNOTS( '', 3, 3, ( ( #766, #767, #768, #769, #770, #771, #772, #773, #774, #775, #776, #777, #778 ), ( #779, #780, #781, #782, #783, #784, #785, #786, #787, #788, #789, #790, #791 ), ( #792, #793, #794, #795, #796, #797, #798, #799, #800, #801, #802, #803, #804 ), ( #805, #806, #807, #808, #809, #810, #811, #812, #813, #814, #815, #816, #817 ), ( #818, #819, #820, #821, #822, #823, #824, #825, #826, #827, #828, #829, #830 ), ( #831, #832, #833, #834, #835, #836, #837, #838, #839, #840, #841, #842, #843 ), ( #844, #845, #846, #847, #848, #849, #850, #851, #852, #853, #854, #855, #856 ), ( #857, #858, #859, #860, #861, #862, #863, #864, #865, #866, #867, #868, #869 ), ( #870, #871, #872, #873, #874, #875, #876, #877, #878, #879, #880, #881, #882 ), ( #883, #884, #885, #886, #887, #888, #889, #890, #891, #892, #893, #894, #895 ), ( #896, #897, #898, #899, #900, #901, #902, #903, #904, #905, #906, #907, #908 ), ( #909, #910, #911, #912, #913, #914, #915, #916, #917, #918, #919, #920, #921 ), ( #922, #923, #924, #925, #926, #927, #928, #929, #930, #931, #932, #933, #934 ) ), .UNSPECIFIED., .F., .F., .F., ( 4, 1, 1, 1, 1, 1, 1, 1, 1, 1, 4 ), ( 4, 1, 1, 1, 1, 1, 1, 1, 1, 1, 4 ), ( -1.19900886081074, -0.960197124476323, -0.721385388141907, -0.482573651807491, -0.243761915473076, -0.00495017913866008, 0.233861557195756, 0.472673293530171, 0.711485029864587, 0.950296766199002, 1.18910850253342 ), ( -1.19900969919816, -0.960197685394232, -0.721385671590302, -0.482573657786372, -0.243761643982441, -0.00494963017851119, 0.233862383625419, 0.472674397429349, 0.711486411233279, 0.950298425037210, 1.18911043884114 ), .UNSPECIFIED. );
#130 = SURFACE_STYLE_USAGE( .BOTH., #935 );
#131 = FACE_OUTER_BOUND( '', #936, .T. );
#132 = B_SPLINE_SURFACE_WITH_KNOTS( '', 3, 1, ( ( #937, #938 ), ( #939, #940 ), ( #941, #942 ), ( #943, #944 ) ), .UNSPECIFIED., .F., .F., .F., ( 4, 4 ), ( 2, 2 ), ( -1.44632396871406, 0.00000000000000 ), ( 0.00000000000000, 0.0300000000000000 ), .UNSPECIFIED. );
#133 = SURFACE_STYLE_USAGE( .BOTH., #945 );
#134 = FACE_OUTER_BOUND( '', #946, .T. );
#135 = B_SPLINE_SURFACE_WITH_KNOTS( '', 1, 3, ( ( #947, #948, #949, #950 ), ( #951, #952, #953, #954 ) ), .UNSPECIFIED., .F., .F., .F., ( 2, 2 ), ( 4, 4 ), ( 0.00000000000000, 0.0300000000000000 ), ( -1.04185894902884, 0.00000000000000 ), .UNSPECIFIED. );
#136 = SURFACE_STYLE_USAGE( .BOTH., #955 );
#137 = FACE_OUTER_BOUND( '', #956, .T. );
#138 = B_SPLINE_SURFACE_WITH_KNOTS( '', 3, 1, ( ( #957, #958 ), ( #959, #960 ), ( #961, #962 ), ( #963, #964 ) ), .UNSPECIFIED., .F., .F., .F., ( 4, 4 ), ( 2, 2 ), ( -1.03128910780953, 0.00000000000000 ), ( 0.00000000000000, 0.0300000000000000 ), .UNSPECIFIED. );
#139 = SURFACE_STYLE_USAGE( .BOTH., #965 );
#140 = FACE_OUTER_BOUND( '', #966, .T. );
#141 = B_SPLINE_SURFACE_WITH_KNOTS( '', 3, 1, ( ( #967, #968 ), ( #969, #970 ), ( #971, #972 ), ( #973, #974 ), ( #975, #976 ), ( #977, #978 ), ( #979, #980 ), ( #981, #982 ), ( #983, #984 ), ( #985, #986 ), ( #987, #988 ), ( #989, #990 ), ( #991, #992 ), ( #993, #994 ), ( #995, #996 ), ( #997, #998 ) ), .UNSPECIFIED., .F., .F., .F., ( 4, 3, 3, 3, 3, 4 ), ( 2, 2 ), ( -1.03102251024602, -0.779248956318186, -0.536972442810425, -0.295387618257471, -0.0424367701555099, 0.00000000000000 ), ( 0.00000000000000, 0.0300000000000000 ), .UNSPECIFIED. );
#142 = SURFACE_STYLE_USAGE( .BOTH., #999 );
#143 = FACE_OUTER_BOUND( '', #1000, .T. );
#144 = B_SPLINE_SURFACE_WITH_KNOTS( '', 3, 1, ( ( #1001, #1002 ), ( #1003, #1004 ), ( #1005, #1006 ), ( #1007, #1008 ) ), .UNSPECIFIED., .F., .F., .F., ( 4, 4 ), ( 2, 2 ), ( -1.44632562252175, 0.00000000000000 ), ( 0.00000000000000, 0.0300000000000000 ), .UNSPECIFIED. );
#145 = PRODUCT_CONTEXT( '', #28, 'mechanical' );
#146 = PRODUCT_DEFINITION_FORMATION_WITH_SPECIFIED_SOURCE( ' ', 'NONE', #76, .NOT_KNOWN. );
#147 = CLOSED_SHELL( '', ( #59, #65, #49, #69, #57, #61, #47, #53 ) );
#148 = CARTESIAN_POINT( '', ( 0.00000000000000, 0.00000000000000, 0.00000000000000 ) );
#149 = DIRECTION( '', ( 0.00000000000000, 0.00000000000000, 1.00000000000000 ) );
#150 = DIRECTION( '', ( 1.00000000000000, 0.00000000000000, 0.00000000000000 ) );
#151 = PRODUCT_DEFINITION_FORMATION_WITH_SPECIFIED_SOURCE( ' ', 'NONE', #80, .NOT_KNOWN. );
#152 = CLOSED_SHELL( '', ( #71, #51, #63, #67, #45, #73, #75, #55 ) );
#153 = CARTESIAN_POINT( '', ( 0.00000000000000, 0.00000000000000, 0.00000000000000 ) );
#154 = DIRECTION( '', ( 0.00000000000000, 0.00000000000000, 1.00000000000000 ) );
#155 = DIRECTION( '', ( 1.00000000000000, 0.00000000000000, 0.00000000000000 ) );
#156 =  ( LENGTH_UNIT(  )NAMED_UNIT( #89 )SI_UNIT( $, .METRE. ) );
#157 = SURFACE_SIDE_STYLE( '', ( #1010 ) );
#158 = EDGE_LOOP( '', ( #1011, #1012, #1013, #1014, #1015, #1016 ) );
#159 = CARTESIAN_POINT( '', ( -0.0133529735699311, -0.0133501260089857, 0.00274657053731026 ) );
#160 = CARTESIAN_POINT( '', ( -0.0130438041335061, -0.0114113688793993, 0.00179059207769925 ) );
#161 = CARTESIAN_POINT( '', ( -0.0128161755427333, -0.00939101800919023, 0.000856680262731448 ) );
#162 = CARTESIAN_POINT( '', ( -0.0127182372486994, -0.00719626324399925, 0.000190223384306952 ) );
#163 = CARTESIAN_POINT( '', ( -0.0126954080165921, -0.00485897930616804, 0.000195275360055084 ) );
#164 = CARTESIAN_POINT( '', ( -0.0127300361669575, -0.00246928143402500, 0.00142430426576599 ) );
#165 = CARTESIAN_POINT( '', ( -0.0128635498883307, -6.70482977896191E-05, 0.00329758397889900 ) );
#166 = CARTESIAN_POINT( '', ( -0.0131605968209916, 0.00233572367207489, 0.00504480215596959 ) );
#167 = CARTESIAN_POINT( '', ( -0.0135566391501160, 0.00475138885079408, 0.00646529800024256 ) );
#168 = CARTESIAN_POINT( '', ( -0.0139401787319646, 0.00719473946839712, 0.00757434741269769 ) );
#169 = CARTESIAN_POINT( '', ( -0.0142675546137671, 0.00967518507466187, 0.00843549577411798 ) );
#170 = CARTESIAN_POINT( '', ( -0.0145503243406292, 0.0121897804325422, 0.00919952994919092 ) );
#171 = CARTESIAN_POINT( '', ( -0.0148146058048363, 0.0147228594246210, 0.00995825822916644 ) );
#172 = CARTESIAN_POINT( '', ( -0.0114128194440576, -0.0130422531819869, 0.00181733018737659 ) );
#173 = CARTESIAN_POINT( '', ( -0.0112889705576504, -0.0112882273365122, 0.00117856493357741 ) );
#174 = CARTESIAN_POINT( '', ( -0.0111739423396952, -0.00955862731377353, 0.000272738323360422 ) );
#175 = CARTESIAN_POINT( '', ( -0.0111916552114187, -0.00723323889931600, -0.000535093450810007 ) );
#176 = CARTESIAN_POINT( '', ( -0.0111909129489002, -0.00481930109428016, -0.00115486161246635 ) );
#177 = CARTESIAN_POINT( '', ( -0.0111914368373097, -0.00244063587062772, -0.000170727752962923 ) );
#178 = CARTESIAN_POINT( '', ( -0.0111753628356602, -4.67410264332126E-05, 0.00150515630225488 ) );
#179 = CARTESIAN_POINT( '', ( -0.0113510012854897, 0.00233826345295686, 0.00299957182636803 ) );
#180 = CARTESIAN_POINT( '', ( -0.0115795406143775, 0.00473768323960184, 0.00426197285262770 ) );
#181 = CARTESIAN_POINT( '', ( -0.0117587769407399, 0.00714797682826270, 0.00533131671349968 ) );
#182 = CARTESIAN_POINT( '', ( -0.0119289402410950, 0.00957151122042807, 0.00646706550974281 ) );
#183 = CARTESIAN_POINT( '', ( -0.0121040967010996, 0.0120109462270992, 0.00777418580292325 ) );
#184 = CARTESIAN_POINT( '', ( -0.0122820162456438, 0.0144580655451293, 0.00916861719968210 ) );
#185 = CARTESIAN_POINT( '', ( -0.00939109075101942, -0.0128159408297580, 0.000866086567291555 ) );
#186 = CARTESIAN_POINT( '', ( -0.00955819207972556, -0.0111745215029030, 0.000354621194694692 ) );
#187 = CARTESIAN_POINT( '', ( -0.00960806295274821, -0.00960944454201776, -0.000452577966852333 ) );
#188 = CARTESIAN_POINT( '', ( -0.00960082096593712, -0.00721233137111988, -0.00140767726845298 ) );
#189 = CARTESIAN_POINT( '', ( -0.00959934128021108, -0.00482716246658904, -0.00137532365977518 ) );
#190 = CARTESIAN_POINT( '', ( -0.00960353162258590, -0.00243920569285653, -0.00157673173621602 ) );
#191 = CARTESIAN_POINT( '', ( -0.00959845195452160, -4.96688766608754E-05, -0.000940170970247494 ) );
#192 = CARTESIAN_POINT( '', ( -0.00958576311372463, 0.00233836198057380, 0.000724364981197950 ) );
#193 = CARTESIAN_POINT( '', ( -0.00953460488767856, 0.00472936030866139, 0.00201037822520890 ) );
#194 = CARTESIAN_POINT( '', ( -0.00952215665163782, 0.00711356897495183, 0.00300104453039770 ) );
#195 = CARTESIAN_POINT( '', ( -0.00957576552124389, 0.00948055824656555, 0.00455761381880506 ) );
#196 = CARTESIAN_POINT( '', ( -0.00966549869120025, 0.0118349295384375, 0.00643534405280814 ) );
#197 = CARTESIAN_POINT( '', ( -0.00976791494909370, 0.0141747880315378, 0.00838428206529101 ) );
#198 = CARTESIAN_POINT( '', ( -0.00719543707164121, -0.0127189315246332, 0.000144612786113724 ) );
#199 = CARTESIAN_POINT( '', ( -0.00723175123157291, -0.0111931526354247, -0.000593084889761488 ) );
#200 = CARTESIAN_POINT( '', ( -0.00721008167231838, -0.00960305821631465, -0.00136256196906780 ) );
#201 = CARTESIAN_POINT( '', ( -0.00721278475225862, -0.00721538435948444, -0.00175556099281848 ) );
#202 = CARTESIAN_POINT( '', ( -0.00721339649618028, -0.00482742074614923, -0.00170277738133955 ) );
#203 = CARTESIAN_POINT( '', ( -0.00721185089834316, -0.00243859552802096, -0.00167047079481808 ) );
#204 = CARTESIAN_POINT( '', ( -0.00721342240511004, -5.13520943601440E-05, -0.00189150621506624 ) );
#205 = CARTESIAN_POINT( '', ( -0.00721896630124251, 0.00233770629500321, -0.00159508301992920 ) );
#206 = CARTESIAN_POINT( '', ( -0.00721351202884635, 0.00472621023699909, -0.000544816771508992 ) );
#207 = CARTESIAN_POINT( '', ( -0.00720126315764663, 0.00710357788577525, 0.000650784918678042 ) );
#208 = CARTESIAN_POINT( '', ( -0.00720976636780108, 0.00942592314759519, 0.00295514622966759 ) );
#209 = CARTESIAN_POINT( '', ( -0.00724269294999087, 0.0116640158915509, 0.00527275780521763 ) );
#210 = CARTESIAN_POINT( '', ( -0.00728802709328868, 0.0138468589383873, 0.00752324761750803 ) );
#211 = CARTESIAN_POINT( '', ( -0.00485815810876982, -0.0126961783277875, 0.000163651017933701 ) );
#212 = CARTESIAN_POINT( '', ( -0.00481729428727842, -0.0111929356129230, -0.00117243326112803 ) );
#213 = CARTESIAN_POINT( '', ( -0.00482493701507991, -0.00960158337394756, -0.00136470467831389 ) );
#214 = CARTESIAN_POINT( '', ( -0.00482486916376724, -0.00721595345387114, -0.00170522894689194 ) );
#215 = CARTESIAN_POINT( '', ( -0.00482394947489968, -0.00482632627939952, -0.00152273065219857 ) );
#216 = CARTESIAN_POINT( '', ( -0.00482521206299951, -0.00243938862420891, -0.00159852989855398 ) );
#217 = CARTESIAN_POINT( '', ( -0.00482407122924216, -5.02388467265240E-05, -0.00150224666998544 ) );
#218 = CARTESIAN_POINT( '', ( -0.00482176012816490, 0.00233661658238276, -0.00178485962217559 ) );
#219 = CARTESIAN_POINT( '', ( -0.00482547254262813, 0.00472640466486477, -0.00155694452827754 ) );
#220 = CARTESIAN_POINT( '', ( -0.00482464430954334, 0.00711506337533242, -0.000558502809995189 ) );
#221 = CARTESIAN_POINT( '', ( -0.00482618710147051, 0.00943769915200239, 0.00191287940018630 ) );
#222 = CARTESIAN_POINT( '', ( -0.00483308399205446, 0.0114840831936310, 0.00419743477788741 ) );
#223 = CARTESIAN_POINT( '', ( -0.00484539476839438, 0.0134626231189907, 0.00643230086936818 ) );
#224 = CARTESIAN_POINT( '', ( -0.00246969649135898, -0.0127296240321349, 0.00142312978662116 ) );
#225 = CARTESIAN_POINT( '', ( -0.00243957026368488, -0.0111925312015158, -0.000155502978305355 ) );
#226 = CARTESIAN_POINT( '', ( -0.00243678324805130, -0.00960596380693483, -0.00157159628572527 ) );
#227 = CARTESIAN_POINT( '', ( -0.00243608616877346, -0.00721436606512231, -0.00165996629622184 ) );
#228 = CARTESIAN_POINT( '', ( -0.00243694038460682, -0.00482766851980436, -0.00159816324765322 ) );
#229 = CARTESIAN_POINT( '', ( -0.00243590559261600, -0.00243780925545224, -0.00103092549904503 ) );
#230 = CARTESIAN_POINT( '', ( -0.00243673195975443, -5.14169795800657E-05, -0.00134096424554996 ) );
#231 = CARTESIAN_POINT( '', ( -0.00243786233498473, 0.00233878055395666, -0.00156832730625054 ) );
#232 = CARTESIAN_POINT( '', ( -0.00243582934785433, 0.00472255343975197, -0.00177931029670097 ) );
#233 = CARTESIAN_POINT( '', ( -0.00243679910831634, 0.00711987059357368, -0.00159896075451424 ) );
#234 = CARTESIAN_POINT( '', ( -0.00243599510055880, 0.00948805696817703, 0.000650941832842892 ) );
#235 = CARTESIAN_POINT( '', ( -0.00243446808215475, 0.0112547624754950, 0.00297288889747381 ) );
#236 = CARTESIAN_POINT( '', ( -0.00243065250346835, 0.0130656751237800, 0.00502535059716614 ) );
#237 = CARTESIAN_POINT( '', ( -6.93051837398814E-05, -0.0128613095587953, 0.00331201818501419 ) );
#238 = CARTESIAN_POINT( '', ( -4.72931083704809E-05, -0.0111748243986422, 0.00151429952887617 ) );
#239 = CARTESIAN_POINT( '', ( -4.78679603211159E-05, -0.00960028520260753, -0.000932588558175572 ) );
#240 = CARTESIAN_POINT( '', ( -4.86294757754053E-05, -0.00721615788123815, -0.00188689722812857 ) );
#241 = CARTESIAN_POINT( '', ( -4.78886284338328E-05, -0.00482643249965723, -0.00149712137947492 ) );
#242 = CARTESIAN_POINT( '', ( -4.92170699209477E-05, -0.00243893632735949, -0.00133847280441545 ) );
#243 = CARTESIAN_POINT( '', ( -4.85437028014932E-05, -4.97856751240239E-05, -0.000341334566091553 ) );
#244 = CARTESIAN_POINT( '', ( -4.75306670190144E-05, 0.00233780718113403, -0.00131880438082871 ) );
#245 = CARTESIAN_POINT( '', ( -4.88012588456681E-05, 0.00472502713261845, -0.00150387974587533 ) );
#246 = CARTESIAN_POINT( '', ( -4.79269781743973E-05, 0.00711416235325024, -0.00187609161866995 ) );
#247 = CARTESIAN_POINT( '', ( -4.90158776494321E-05, 0.00949971572430088, -0.000987105563307122 ) );
#248 = CARTESIAN_POINT( '', ( -5.04281962365079E-05, 0.0110782159329975, 0.00147502787689463 ) );
#249 = CARTESIAN_POINT( '', ( -2.90209418122309E-05, 0.0127674536194559, 0.00326599486341692 ) );
#250 = CARTESIAN_POINT( '', ( 0.00233176799694970, -0.0131566621136920, 0.00506688714540984 ) );
#251 = CARTESIAN_POINT( '', ( 0.00233627909160365, -0.0113490296466195, 0.00301817289075817 ) );
#252 = CARTESIAN_POINT( '', ( 0.00233856278761836, -0.00958598158731215, 0.000739022339186261 ) );
#253 = CARTESIAN_POINT( '', ( 0.00234013753364975, -0.00722142147584974, -0.00158466068334445 ) );
#254 = CARTESIAN_POINT( '', ( 0.00233923535847648, -0.00482439460326004, -0.00177836666586047 ) );
#255 = CARTESIAN_POINT( '', ( 0.00234119410964862, -0.00244028713662817, -0.00156394663369893 ) );
#256 = CARTESIAN_POINT( '', ( 0.00233998487645047, -4.97136970133361E-05, -0.00131651929617995 ) );
#257 = CARTESIAN_POINT( '', ( 0.00233904945063051, 0.00233716954511250, -0.00100520476796565 ) );
#258 = CARTESIAN_POINT( '', ( 0.00234028038468638, 0.00472612954495471, -0.00157560234017375 ) );
#259 = CARTESIAN_POINT( '', ( 0.00233944577866448, 0.00711270986238475, -0.00165999024522710 ) );
#260 = CARTESIAN_POINT( '', ( 0.00234013502864126, 0.00950444749935479, -0.00159347352088912 ) );
#261 = CARTESIAN_POINT( '', ( 0.00234243443995269, 0.0110931512710064, -0.000230895047726599 ) );
#262 = CARTESIAN_POINT( '', ( 0.00237198615890317, 0.0126325949394135, 0.00137197066312651 ) );
#263 = CARTESIAN_POINT( '', ( 0.00474605675072480, -0.0135513363745817, 0.00648916239649408 ) );
#264 = CARTESIAN_POINT( '', ( 0.00473447624225351, -0.0115763624050687, 0.00427730668883987 ) );
#265 = CARTESIAN_POINT( '', ( 0.00472832012335877, -0.00953359670341202, 0.00201604179278719 ) );
#266 = CARTESIAN_POINT( '', ( 0.00472763009229324, -0.00721495672131166, -0.000535364945481918 ) );
#267 = CARTESIAN_POINT( '', ( 0.00472879994557627, -0.00482788921748081, -0.00154730796979326 ) );
#268 = CARTESIAN_POINT( '', ( 0.00472516658901129, -0.00243845827053293, -0.00177254756342918 ) );
#269 = CARTESIAN_POINT( '', ( 0.00472737895689255, -5.11637105188354E-05, -0.00149928738282314 ) );
#270 = CARTESIAN_POINT( '', ( 0.00472855392453212, 0.00233785064497881, -0.00157336938330496 ) );
#271 = CARTESIAN_POINT( '', ( 0.00472726279384570, 0.00472490641394433, -0.00150106457860447 ) );
#272 = CARTESIAN_POINT( '', ( 0.00472825863117458, 0.00711423088671045, -0.00170238175881815 ) );
#273 = CARTESIAN_POINT( '', ( 0.00472817828587693, 0.00950038586641837, -0.00137066741460996 ) );
#274 = CARTESIAN_POINT( '', ( 0.00472049238691002, 0.0110920455461869, -0.00116044287271509 ) );
#275 = CARTESIAN_POINT( '', ( 0.00476087016352361, 0.0125971194180561, 0.000142038244034212 ) );
#276 = CARTESIAN_POINT( '', ( 0.00718833233190710, -0.0139338138356337, 0.00759662767099700 ) );
#277 = CARTESIAN_POINT( '', ( 0.00714373235261616, -0.0117545745330859, 0.00534678439835670 ) );
#278 = CARTESIAN_POINT( '', ( 0.00711156969781960, -0.00952019778587614, 0.00301237599079101 ) );
#279 = CARTESIAN_POINT( '', ( 0.00710384228945726, -0.00720156228654150, 0.000664196481866453 ) );
#280 = CARTESIAN_POINT( '', ( 0.00711649516817931, -0.00482610315384171, -0.000547575476106728 ) );
#281 = CARTESIAN_POINT( '', ( 0.00712230612024916, -0.00243925608246055, -0.00158986752001127 ) );
#282 = CARTESIAN_POINT( '', ( 0.00711686795245566, -5.06487757940833E-05, -0.00186930903063490 ) );
#283 = CARTESIAN_POINT( '', ( 0.00711521150056089, 0.00233693348396850, -0.00165543538601309 ) );
#284 = CARTESIAN_POINT( '', ( 0.00711677691154445, 0.00472570724955281, -0.00170010735468993 ) );
#285 = CARTESIAN_POINT( '', ( 0.00711615580633560, 0.00711359351707563, -0.00171548983255309 ) );
#286 = CARTESIAN_POINT( '', ( 0.00711340368687676, 0.00950183593934315, -0.00145693748724422 ) );
#287 = CARTESIAN_POINT( '', ( 0.00713475732980687, 0.0110930962694913, -0.000592824353095476 ) );
#288 = CARTESIAN_POINT( '', ( 0.00709822050061579, 0.0126200907476084, 0.000125794823412402 ) );
#289 = CARTESIAN_POINT( '', ( 0.00966794160524234, -0.0142603677231617, 0.00845647589004701 ) );
#290 = CARTESIAN_POINT( '', ( 0.00956616646330513, -0.0119236486464508, 0.00648475753488565 ) );
#291 = CARTESIAN_POINT( '', ( 0.00947705530626071, -0.00957231081747745, 0.00457356776788084 ) );
#292 = CARTESIAN_POINT( '', ( 0.00942396645875745, -0.00720785110032816, 0.00297054562180688 ) );
#293 = CARTESIAN_POINT( '', ( 0.00943675009935549, -0.00482527110752362, 0.00192676976435635 ) );
#294 = CARTESIAN_POINT( '', ( 0.00948832602549850, -0.00243629065695186, 0.000662348508506618 ) );
#295 = CARTESIAN_POINT( '', ( 0.00950156328330426, -5.08844588554690E-05, -0.000978018809204820 ) );
#296 = CARTESIAN_POINT( '', ( 0.00950688128487160, 0.00233768518843432, -0.00158666566897591 ) );
#297 = CARTESIAN_POINT( '', ( 0.00950260916544153, 0.00472594430065175, -0.00136614271804242 ) );
#298 = CARTESIAN_POINT( '', ( 0.00950414576077478, 0.00711108853681141, -0.00145465910725555 ) );
#299 = CARTESIAN_POINT( '', ( 0.00951095285226298, 0.00950954445629790, -0.000515234203451247 ) );
#300 = CARTESIAN_POINT( '', ( 0.00946069452859780, 0.0110760716607036, 0.000217949105834575 ) );
#301 = CARTESIAN_POINT( '', ( 0.00929385797107574, 0.0127188651144765, 0.000769334518689227 ) );
#302 = CARTESIAN_POINT( '', ( 0.0121817941109819, -0.0145424087081414, 0.00922046510969802 ) );
#303 = CARTESIAN_POINT( '', ( 0.0120043370174875, -0.0120975512237439, 0.00779401844551171 ) );
#304 = CARTESIAN_POINT( '', ( 0.0118296142671149, -0.00966023968327471, 0.00645417171772114 ) );
#305 = CARTESIAN_POINT( '', ( 0.0116598248533017, -0.00723855021905327, 0.00529017644175364 ) );
#306 = CARTESIAN_POINT( '', ( 0.0114809320509379, -0.00482997307084399, 0.00421292622328013 ) );
#307 = CARTESIAN_POINT( '', ( 0.0112527941115755, -0.00243253258801259, 0.00298571036827164 ) );
#308 = CARTESIAN_POINT( '', ( 0.0110776926470181, -4.99309051912405E-05, 0.00148553997351270 ) );
#309 = CARTESIAN_POINT( '', ( 0.0110942725804641, 0.00234129354411698, -0.000222559687075336 ) );
#310 = CARTESIAN_POINT( '', ( 0.0110940640897420, 0.00471845953348771, -0.00115437181374229 ) );
#311 = CARTESIAN_POINT( '', ( 0.0110945729288660, 0.00713327190970608, -0.000589071019893120 ) );
#312 = CARTESIAN_POINT( '', ( 0.0110767718964557, 0.00945999020510778, 0.000219476218306803 ) );
#313 = CARTESIAN_POINT( '', ( 0.0111918229368291, 0.0111919148039559, 0.00104413870897050 ) );
#314 = CARTESIAN_POINT( '', ( 0.0113157644439709, 0.0129475584957816, 0.00164758128591499 ) );
#315 = CARTESIAN_POINT( '', ( 0.0147141354044845, -0.0148059662138111, 0.00997982479784740 ) );
#316 = CARTESIAN_POINT( '', ( 0.0144501081185746, -0.0122741331271967, 0.00919024903270213 ) );
#317 = CARTESIAN_POINT( '', ( 0.0141675920449016, -0.00976078351989240, 0.00840530279905848 ) );
#318 = CARTESIAN_POINT( '', ( 0.0138404978487978, -0.00728172154504824, 0.00754264595185367 ) );
#319 = CARTESIAN_POINT( '', ( 0.0134573173786630, -0.00484013638499404, 0.00644941121452789 ) );
#320 = CARTESIAN_POINT( '', ( 0.0130617278819453, -0.00242674501478978, 0.00503989262036807 ) );
#321 = CARTESIAN_POINT( '', ( 0.0127652032299498, -2.68030586657514E-05, 0.00327805567033717 ) );
#322 = CARTESIAN_POINT( '', ( 0.0126321707769426, 0.00237238504737492, 0.00138169603024672 ) );
#323 = CARTESIAN_POINT( '', ( 0.0125978823037795, 0.00476008851720365, 0.000149489384757441 ) );
#324 = CARTESIAN_POINT( '', ( 0.0126208727536559, 0.00709742512532264, 0.000131042549321554 ) );
#325 = CARTESIAN_POINT( '', ( 0.0127190310077316, 0.00929368313608218, 0.000772584457725426 ) );
#326 = CARTESIAN_POINT( '', ( 0.0129468825445130, 0.0113164358439341, 0.00164912694830034 ) );
#327 = CARTESIAN_POINT( '', ( 0.0132561858896034, 0.0132577036464507, 0.00252579166787528 ) );
#328 = SURFACE_SIDE_STYLE( '', ( #1017 ) );
#329 = EDGE_LOOP( '', ( #1018, #1019, #1020, #1021 ) );
#330 = CARTESIAN_POINT( '', ( -5.17930946842372E-05, -0.0100000000000000, -8.30844786469037E-05 ) );
#331 = CARTESIAN_POINT( '', ( -0.000850245345998039, -0.0100000000000000, 0.000310213784351804 ) );
#332 = CARTESIAN_POINT( '', ( -0.00163195836216903, -0.0100000000000000, 0.000631658663127378 ) );
#333 = CARTESIAN_POINT( '', ( -0.00244052647208129, -0.0100000000000000, 0.000844398075857894 ) );
#334 = CARTESIAN_POINT( '', ( -0.00322390618185906, -0.0100000000000000, 0.00105051026029862 ) );
#335 = CARTESIAN_POINT( '', ( -0.00401875887973543, -0.0100000000000000, 0.00115140948661686 ) );
#336 = CARTESIAN_POINT( '', ( -0.00482806241725060, -0.0100000000000000, 0.00116364867172550 ) );
#337 = CARTESIAN_POINT( '', ( -0.00563373843447449, -0.0100000000000000, 0.00117583299745164 ) );
#338 = CARTESIAN_POINT( '', ( -0.00643167428300439, -0.0100000000000000, 0.00109983618155044 ) );
#339 = CARTESIAN_POINT( '', ( -0.00721762218347807, -0.0100000000000000, 0.000919184455975220 ) );
#340 = CARTESIAN_POINT( '', ( -0.00803284381871096, -0.0100000000000000, 0.000731804102847079 ) );
#341 = CARTESIAN_POINT( '', ( -0.00883497538224393, -0.0100000000000000, 0.000431151584537183 ) );
#342 = CARTESIAN_POINT( '', ( -0.00960376705345820, -0.0100000000000000, 0.000107310809371805 ) );
#343 = CARTESIAN_POINT( '', ( -0.00973401358197538, -0.0100000000000000, 5.24466135995182E-05 ) );
#344 = CARTESIAN_POINT( '', ( -0.00986387397493899, -0.0100000000000000, -3.34426489079970E-06 ) );
#345 = CARTESIAN_POINT( '', ( -0.0100017930946842, -0.00995000000000000, -4.04825462181223E-05 ) );
#346 = CARTESIAN_POINT( '', ( -5.17930946842372E-05, -0.0100000000000000, 0.000216915521353096 ) );
#347 = CARTESIAN_POINT( '', ( -0.000850245345998039, -0.0100000000000000, 0.000610213784351804 ) );
#348 = CARTESIAN_POINT( '', ( -0.00163195836216903, -0.0100000000000000, 0.000931658663127378 ) );
#349 = CARTESIAN_POINT( '', ( -0.00244052647208129, -0.0100000000000000, 0.00114439807585789 ) );
#350 = CARTESIAN_POINT( '', ( -0.00322390618185906, -0.0100000000000000, 0.00135051026029862 ) );
#351 = CARTESIAN_POINT( '', ( -0.00401875887973543, -0.0100000000000000, 0.00145140948661686 ) );
#352 = CARTESIAN_POINT( '', ( -0.00482806241725060, -0.0100000000000000, 0.00146364867172550 ) );
#353 = CARTESIAN_POINT( '', ( -0.00563373843447449, -0.0100000000000000, 0.00147583299745164 ) );
#354 = CARTESIAN_POINT( '', ( -0.00643167428300439, -0.0100000000000000, 0.00139983618155044 ) );
#355 = CARTESIAN_POINT( '', ( -0.00721762218347807, -0.0100000000000000, 0.00121918445597522 ) );
#356 = CARTESIAN_POINT( '', ( -0.00803284381871096, -0.0100000000000000, 0.00103180410284708 ) );
#357 = CARTESIAN_POINT( '', ( -0.00883497538224393, -0.0100000000000000, 0.000731151584537184 ) );
#358 = CARTESIAN_POINT( '', ( -0.00960376705345820, -0.0100000000000000, 0.000407310809371805 ) );
#359 = CARTESIAN_POINT( '', ( -0.00973401358197538, -0.0100000000000000, 0.000352446613599518 ) );
#360 = CARTESIAN_POINT( '', ( -0.00986387397493899, -0.0100000000000000, 0.000296655735109200 ) );
#361 = CARTESIAN_POINT( '', ( -0.0100017930946842, -0.00995000000000000, 0.000259517453781878 ) );
#362 = SURFACE_SIDE_STYLE( '', ( #1022 ) );
#363 = EDGE_LOOP( '', ( #1023, #1024, #1025, #1026 ) );
#364 = CARTESIAN_POINT( '', ( -1.79309468424174E-06, 0.0100000000000000, -0.000117946736309593 ) );
#365 = CARTESIAN_POINT( '', ( 0.00355935108907298, 0.0100000000000000, 0.00166824105155724 ) );
#366 = CARTESIAN_POINT( '', ( 0.00644462706617298, 0.0100000000000000, 0.00146602774383380 ) );
#367 = CARTESIAN_POINT( '', ( 0.00999820690531576, 0.0100000000000000, -4.46392310347277E-05 ) );
#368 = CARTESIAN_POINT( '', ( -1.79309468424174E-06, 0.0100000000000000, 0.000182053263690407 ) );
#369 = CARTESIAN_POINT( '', ( 0.00355935108907298, 0.0100000000000000, 0.00196824105155724 ) );
#370 = CARTESIAN_POINT( '', ( 0.00644462706617298, 0.0100000000000000, 0.00176602774383380 ) );
#371 = CARTESIAN_POINT( '', ( 0.00999820690531576, 0.0100000000000000, 0.000255360768965272 ) );
#372 = SURFACE_SIDE_STYLE( '', ( #1027 ) );
#373 = EDGE_LOOP( '', ( #1028, #1029, #1030, #1031, #1032, #1033 ) );
#374 = CARTESIAN_POINT( '', ( -0.0133526884890691, -0.0133501260089857, 0.00244657067276212 ) );
#375 = CARTESIAN_POINT( '', ( -0.0114125343631956, -0.0130422531819869, 0.00151733032282845 ) );
#376 = CARTESIAN_POINT( '', ( -0.00939080567015745, -0.0128159408297580, 0.000566086702743416 ) );
#377 = CARTESIAN_POINT( '', ( -0.00719515199077923, -0.0127189315246332, -0.000155387078434415 ) );
#378 = CARTESIAN_POINT( '', ( -0.00485787302790785, -0.0126961783277875, -0.000136348846614439 ) );
#379 = CARTESIAN_POINT( '', ( -0.00246941141049701, -0.0127296240321349, 0.00112312992207302 ) );
#380 = CARTESIAN_POINT( '', ( -6.90201028779101E-05, -0.0128613095587953, 0.00301201832046605 ) );
#381 = CARTESIAN_POINT( '', ( 0.00233205307781167, -0.0131566621136920, 0.00476688728086170 ) );
#382 = CARTESIAN_POINT( '', ( 0.00474634183158677, -0.0135513363745817, 0.00618916253194594 ) );
#383 = CARTESIAN_POINT( '', ( 0.00718861741276907, -0.0139338138356337, 0.00729662780644886 ) );
#384 = CARTESIAN_POINT( '', ( 0.00966822668610431, -0.0142603677231617, 0.00815647602549887 ) );
#385 = CARTESIAN_POINT( '', ( 0.0121820791918438, -0.0145424087081414, 0.00892046524514988 ) );
#386 = CARTESIAN_POINT( '', ( 0.0147144204853464, -0.0148059662138111, 0.00967982493329926 ) );
#387 = CARTESIAN_POINT( '', ( -0.0130435190526442, -0.0114113688793993, 0.00149059221315111 ) );
#388 = CARTESIAN_POINT( '', ( -0.0112886854767884, -0.0112882273365122, 0.000878565069029271 ) );
